%LAMBDA	Hb02 mm-1/mM	Hb mm-1/mM	H20 1/mm	fat  (mm-1 )  Hb-Met(mm-1/mM)  Hb-CO (mm-1/mM) evans blue(mm-1/mM) Meth Blue (mm-1/mM)			
600	0.957	2.886	0.000301361	0.000313066	3.227	0.105	20.03822692	7.0147077
602	0.775	2.63	0.000310772	0.000313066	3.204	0.0925	20.08803724	7.3967754
604	0.641	2.374	0.000317148	0.000313066	3.191	0.08	20.11636333	7.7049168
606	0.539	2.123	0.000326317	0.000313066	3.191	0.0675	20.14704442	8.078924
608	0.46	1.921	0.00033178	0.000313066	3.199	0.055	20.15210973	8.2709942
610	0.397	1.753	0.000335808	0.000313066	3.223	0.0507	20.11314069	8.5894991
612	0.346	1.618	0.000339082	0.000313066	3.257	0.0463	20.0812449	8.7514
614	0.305	1.508	0.000342371	0.000313066	3.313	0.0422	20.03955727	8.8677015
616	0.271	1.416	0.000345556	0.000313066	3.379	0.0384	19.97612928	8.9185978
618	0.242	1.338	0.000348538	0.000313066	3.466	0.0348	19.88877945	8.9879181
620	0.218	1.272	0.000351688	0.000313066	3.557	0.0316	19.79543881	9.0422689
622	0.197	1.215	0.000354984	0.000313066	3.65	0.0287	19.65489904	9.1136619
624	0.18	1.166	0.000358249	0.000313066	3.746	0.0261	19.50959141	9.1488978
626	0.164	1.123	0.000361232	0.000313066	3.815	0.0238	19.36054882	9.25806
628	0.15	1.085	0.000364184	0.000313066	3.875	0.0216	19.16648854	9.4070641
630	0.139	1.051	0.000367137	0.000313066	3.905	0.0196	18.95310897	9.5814012
632	0.129	1.022	0.000369942	0.000313066	3.9	    0.0179	18.69603383	9.8658217
634	0.12	0.996	0.000372181	0.000313066	3.855	0.0163	18.3936683	10.1458665
636	0.114	0.974	0.000374594	0.000313066	3.767	0.0148	18.04654124	10.5956424
638	0.108	0.953	0.000377599	0.000313066	3.62	0.0136	17.63901046	10.9811646
640	0.104	0.936	0.000380555	0.000313066	3.416	0.0125	17.18145452	11.4304799
642	0.101	0.92	0.00038357	0.000313066	3.157	0.0116	16.70021635	11.9235522
644	0.099	0.907	0.00038699	0.000313066	2.861	0.0108	16.14192422	12.5515803
646	0.099	0.895	0.000390933	0.000313066	2.541	0.0102	15.55595051	13.1598026
648	0.098	0.884	0.000395103	0.000313066	2.239	0.0096	14.90626784	13.8527753
650	0.098	0.873	0.000400257	0.000313066	1.971	0.0091	14.21744258	14.4013499
652	0.099	0.864	0.000405404	0.000313066	1.704	0.0086	13.52641107	15.1737761
654	0.099	0.852	0.000411359	0.000301644	1.468	0.0082	12.78287545	15.8478642
656	0.098	0.836	0.00041864	0.000295663	1.227	0.0077	12.06384011	16.8370027
658	0.098	0.828	0.000428234	0.000291032	1.083	0.0071	11.29646528	16.1560056
660	0.1	    0.815	0.00043862	0.000284691	0.945	0.0069	10.55462362	16.4494078
662	0.101	0.799	0.00044904	0.00027791	0.808	0.0066	9.836001456	16.7849549
664	0.101	0.782	0.00045953	0.000285221	0.69	0.0062	9.105116749	17.0207821
666	0.1015	0.763	0.00046341	0.000296703	0.596	0.0059	8.393774431	17.0175579
668	0.102	0.743	0.00046729	0.000308106	0.523	0.0056	7.736679758	16.7941669
670	0.102	0.721	0.00047162	0.000319488	0.459	0.0053	7.074123141	16.3439304
672	0.102	0.699	0.000476	0.000313937	0.409	0.005	6.451064431	15.5692012
674	0.103	0.677	0.00048123	0.000302504	0.37	0.0047	5.858703351	14.5657841
676	0.103	0.655	0.00048702	0.000282921	0.339	0.0045	5.326051868	13.1966506
678	0.103	0.633	0.00049263	0.000260277	0.313	0.0043	4.808720285	11.7008521
680	0.103	0.612	0.0004979	0.000240333	0.292	0.0041	4.322697821	10.2877313
682	0.103	0.591	0.00050335	0.00022148	0.277	0.0039	3.895145472	8.859641
684	0.103	0.571	0.00051179	0.000204857	0.264	0.0037	3.485234959	7.328146
686	0.103	0.551	0.00052023	0.000189214	0.253	0.0036	3.101981404	6.2383664
688	0.103	0.533	0.00053635	0.000176452	0.245	0.0034	2.756292173	5.2022467
690	0.103	0.516	0.00055465	0.00016502	0.238	0.0033	2.44686994	4.2207081
692	0.103	0.5	    0.00057365	0.000161209	0.233	0.0032	2.174978987	3.4204156
694	0.103	0.485	0.00059334	0.000161209	0.229	0.0031	1.919035927	2.7880118
696	0.104	0.471	0.00061459	0.000152127	0.226	0.003	1.690749659	2.2440432
698	0.104	0.459	0.0006413	0.000138175	0.223	0.0029	1.485517598	1.8023278
700	0.105	0.447	0.00066801	0.000127433	0.222	0.0028	1.30267044	1.471617
702	0.106	0.436	0.00070141	0.000118521	0.221	0.0027	1.143307171	1.199863
704	0.106	0.426	0.0007352	0.000115151	0.22	0.0027	0.998701915	0.9631146
706	0.108	0.416	0.00077553	0.000115151	0.219	0.0026	0.871573229	0.8173347
708	0.109	0.406	0.00081911	0.000108229	0.219	0.0025	0.755897284	0.6321735
710	0.11	0.397	0.00087178	9.68E-05	0.218	0.0025	0.657301279	0.5262355
712	0.112	0.387	0.00093872	9.82E-05	0.219	0.0025	0.572537814	0.4564546
714	0.113	0.379	0.0010084	0.00010843	0.22	0.0024	0.49599618	0.3751587
716	0.115	0.37	0.0011003	0.000125813	0.221	0.0024	0.430312337	0.2920204
718	0.116	0.361	0.0011921	0.000148467	0.221	0.0024	0.371825702	0.2708328
720	0.118	0.353	0.0012777	0.000171431	0.222	0.0023	0.317743334	0.2088821
722	0.12	0.346	0.0013621	0.000194635	0.224	0.0023	0.277022494	0.1853915
724	0.122	0.34	0.0014746	0.00022407	0.225	0.0023	0.240077917	0.1904581
726	0.123	0.334	0.0016096	0.000258697	0.227	0.0022	0.207017021	0.1720341
728	0.125	0.33	0.0017669	0.000299394	0.229	0.0022	0.176525968	0.1149197
730	0.127	0.327	0.0019821	0.000345452	0.231	0.0022	0.153364336	0.1338043
732	0.129	0.326	0.0021974	0.000373847	0.233	0.0022	0.128062545	0.0932715
734	0.131	0.327	0.0023893	0.000385629	0.235	0.0021	0.107619491	0.1119258
736	0.133	0.329	0.0025813	0.000391691	0.238	0.0021	0.083871166	0.0916594
738	0.135	0.333	0.0026869	0.000392031	0.241	0.0021	0.069113163	0.0398419
740	0.137	0.339	0.0027594	0.000414875	0.245	0.0021	0.059957583	0.0716233
742	0.139	0.346	0.0028082	0.000461633	0.248	0.002	0.046298586	0.0257936
744	0.141	0.355	0.0028272	0.000518773	0.251	0.002	0.034507057	0.0407631
746	0.143	0.366	0.0028436	0.000587656	0.254	0.002	0.033325433	0.0561932
748	0.145	0.377	0.002847	0.000655828	0.258	0.002	0.023037784	0.0718536
750	0.148	0.388	0.0028503	0.00072317	0.261	0.0019	0.014014428	0.0628719
752	0.15	0.399	0.0028611	0.00077654	0.265	0.0019	0.012816263	0.0221088
754	0.152	0.409	0.0028728	0.000812096	0.269	0.0019	0.007040317	0.062181
756	0.154	0.415	0.0028735	0.000852114	0.274	0.0019	0.003049202	0.0403025
758	0.157	0.417	0.0028672	0.000898172	0.278	0.0019	0.00109083	0.048363
760	0.159	0.414	0.0028629	0.000928607	0.283	0.0018	-0.001602961	0.0075999
762	0.161	0.407	0.0028626	0.000936529	0.287	0.0018	-0.005197427	0.0075999
764	0.163	0.396	0.0028615	0.000902593	0.292	0.0018	-0.006560859	0.0361571
766	0.166	0.381	0.0028469	0.000804295	0.298	0.0018	-0.009800024	0.0361571
768	0.168	0.364	0.0028323	0.000690904	0.302	0.0018	-0.009221596	0.0287875
770	0.171	0.347	0.0028123	0.00055273	0.309	0.0018	-0.012295495	0.0303996
772	0.173	0.33	0.0027907	0.000425197	0.314	0.0018	-0.012832594	0.0303996
774	0.175	0.314	0.0027704	0.000316327	0.319	0.0017	-0.012477293	0.0303996
776	0.178	0.299	0.0027515	0.000225531	0.325	0.0017	-0.015485085	0.0303996
778	0.18	0.285	0.0027275	0.00016851	0.331	0.0017	-0.014113398	0.02303
780	0.183	0.273	0.0026862	0.000122892	0.338	0.0017	-0.014675304	0.043757
782	0.185	0.262	0.0026449	0.000100048	0.345	0.0017	-0.016369249	0.043757
784	0.188	0.253	0.0025978	7.83E-05	0.351	0.0017	-0.012088929	0.043757
786	0.19	0.245	0.0025503	5.90E-05	0.357	0.0017	-0.013006136	0.043757
788	0.193	0.238	0.0025067	4.56E-05	0.364	0.0016	-0.014543091	0.0080605
790	0.196	0.233	0.002465	4.59E-05	0.371	0.0016	-0.013667213	0.0080605
792	0.198	0.228	0.0024226	4.61E-05	0.377	0.0016	-0.014510047	0.0080605
794	0.201	0.223	0.0023792	4.61E-05	0.385	0.0016	-0.013030944	0.0234906
796	0.203	0.219	0.002336	5.07E-05	0.392	0.0016	-0.014427429	0.0234906
798	0.206	0.216	0.0022939	6.76E-05	0.398	0.0016	-0.013617638	0
800	0.208	0.215	0.0022518	8.46E-05	0.406	0.0015	-0.013625904	0
802	0.21127	0.2141	0.0022289	0.000101948	0.4067	0.00126	-0.011973268	0
804	0.21453	0.2132	0.0022099	0.000121812	0.4074	0.00102	-0.012708697	0
806	0.21734	0.21235	0.0021984	0.000149657	0.41078	8.94E-04	-0.008841538	0
808	0.21968	0.21155	0.002193	0.000176732	0.41683	8.83E-04	-0.011973278	0
810	0.22202	0.21075	0.0021932	0.000201226	0.42289	8.72E-04	-0.014179544	0
812	0.22437	0.20995	0.0022081	0.000226411	0.42895	8.60E-04	-0.009238168	0
814	0.22671	0.20915	0.002223	0.000254116	0.43501	8.49E-04	-0.008147438	0
816	0.22905	0.20835	0.0022627	0.000280801	0.44107	8.37E-04	-0.007858224	0
818	0.2314	0.20755	0.0023025	0.000303295	0.44712	8.26E-04	-0.009973607	0
820	0.23374	0.20675	0.0023675	0.000327299	0.45318	8.14E-04	-0.007742553	0
822	0.23608	0.20595	0.0024422	0.000358135	0.45924	8.03E-04	-0.009659605	0
824	0.23842	0.20515	0.0025603	0.00038638	0.46529	7.92E-04	-0.005866819	0
826	0.24077	0.20435	0.0027326	0.000401612	0.47135	7.80E-04	-0.005164444	0
828	0.24311	0.20355	0.0029212	0.000414935	0.47741	7.69E-04	-0.00263592	0
830	0.24545	0.20275	0.0031921	0.000417535	0.48347	7.57E-04	-0.00493308	0
832	0.2478	0.20195	0.0034629	0.000416695	0.48952	7.46E-04	-0.002231034	0
834	0.25014	0.20115	0.0036191	0.000394001	0.49558	7.34E-04	-0.00289209	0
836	0.25248	0.20035	0.0037608	0.000372347	0.50164	7.23E-04	-0.003511828	0
838	0.25482	0.19955	0.0038604	0.000358145	0.50769	7.12E-04	-0.005147942	0
840	0.25717	0.19875	0.003933	0.000343182	0.51375	7.00E-04	0.000272692	0
842	0.25917	0.19955	0.0040004	0.000321868	0.51855	6.60E-04	-2.47875E-05	0
844	0.26117	0.20035	0.0040571	0.000301314	0.52335	6.20E-04	0.00059495	0
846	0.26305	0.20098	0.0041131	0.000288352	0.52798	5.97E-04	0.001074208	0
848	0.26482	0.20144	0.0041565	0.00027636	0.53243	5.92E-04	-0.001809637	0
850	0.2666	0.20189	0.0041999	0.00027636	0.53689	5.86E-04	0	0
852	0.26837	0.20235	0.0042426	0.00027636	0.54135	5.80E-04	0	0
854	0.27014	0.20281	0.0042851	0.00027636	0.54581	5.74E-04	0	0
856	0.27191	0.20326	0.0043369	0.00027687	0.55027	5.69E-04	0	0
858	0.27368	0.20372	0.0043981	0.000288002	0.55472	5.63E-04	0	0
860	0.27545	0.20418	0.0044566	0.000300204	0.55918	5.57E-04	0	0
862	0.27722	0.20464	0.004506	0.000346042	0.56364	5.52E-04	0	0
864	0.279	0.20509	0.0045555	0.000392411	0.56809	5.46E-04	0	0
866	0.28077	0.20555	0.0046257	0.000472565	0.57255	5.40E-04	0	0
868	0.28254	0.20601	0.0046971	0.00055273	0.57701	5.34E-04	0	0
870	0.28431	0.20646	0.0047756	0.000645186	0.58147	5.29E-04	0	0
872	0.28608	0.20692	0.0048577	0.000737653	0.58592	5.23E-04	0	0
874	0.28785	0.20738	0.0049495	0.0008876	0.59038	5.17E-04	0	0
876	0.28962	0.20784	0.0050566	0.001038387	0.59484	5.12E-04	0	0
878	0.2914	0.20829	0.0051644	0.00127863	0.59929	5.06E-04	0	0
880	0.29317	0.20875	0.0052783	0.001521574	0.60375	5.00E-04	0	0
882	0.29425	0.20983	0.0053922	0.001864436	0.60817	4.83E-04	0	0
884	0.29533	0.21092	0.005497	0.002212199	0.61258	4.67E-04	0	0
886	0.29642	0.212	0.0056	    0.002680183	0.617	4.50E-04	0	0
888	0.2975	0.21308	0.0057182	0.003156169	0.62142	4.33E-04	0	0
890	0.29858	0.21417	0.0058485	0.003676462	0.62583	4.17E-04	0	0
892	0.29967	0.21525	0.0059722	0.004200457	0.63025	4.00E-04	0	0
894	0.30075	0.21633	0.0060786	0.004465905	0.63467	3.83E-04	0	0
896	0.30183	0.21742	0.006185	0.004705548	0.63908	3.67E-04	0	0
898	0.30292	0.2185	0.0062922	0.004741754	0.6435	3.50E-04	0	0
900	0.304	0.21958	0.0063994	0.004753956	0.64792	3.33E-04	0	0
902	0.30508	0.22067	0.0065231	0.004896282	0.65233	3.17E-04	0	0
904	0.30617	0.22175	0.0066532	0.005056711	0.65675	3.00E-04	0	0
906	0.30642	0.22113	0.0067955	0.005479287	0.66075	3.00E-04	0	0
908	0.30667	0.2205	0.0069531	0.005943271	0.66475	3.00E-04	0	0
910	0.30692	0.21987	0.0071212	0.006654499	0.66875	3.00E-04	0	0
912	0.30717	0.21925	0.0073413	0.007409835	0.67275	3.00E-04	0	0
914	0.30742	0.21863	0.0075615	0.008132265	0.67675	3.00E-04	0	0
916	0.30767	0.218	0.0078922	0.008847994	0.68075	3.00E-04	0	0
918	0.30792	0.21737	0.0082367	0.009419297	0.68475	3.00E-04	0	0
920	0.30817	0.21675	0.0087093	0.009958494	0.68875	3.00E-04	0	0
922	0.30767	0.21425	0.0092633	0.010470886	0.69205	2.80E-04	0	0
924	0.30717	0.21175	0.0098433	0.010975977	0.69535	2.60E-04	0	0
926	0.30667	0.20925	0.010475	0.011347044	0.69865	2.40E-04	0	0
928	0.30617	0.20675	0.01113	    0.011683105	0.70195	2.20E-04	0	0
930	0.30567	0.20425	0.012188	0.011633096	0.70525	2.00E-04	0	0
932	0.30517	0.20175	0.013246	0.011468066	0.70855	1.80E-04	0	0
934	0.30467	0.19925	0.014419	0.010755938	0.71185	1.60E-04	0	0
936	0.30417	0.19675	0.015625	0.009869378	0.71515	1.40E-04	0	0
938	0.30367	0.19425	0.017071	0.008687065	0.71845	1.20E-04	0	0
940	0.30317	0.19175	0.018757	0.007401633	0.72175	1.00E-04	0	0
942	0.30207	0.18705	0.02044	    0.006201817	0.72355	9.00E-05	0	0
944	0.30097	0.18235	0.022112	0.005034107	0.72535	8.00E-05	0	0
946	0.29987	0.17765	0.023784	0.004139046	0.72715	7.00E-05	0	0
948	0.29877	0.17295	0.026747	0.003354204	0.72895	6.00E-05	0	0
950	0.29767	0.16825	0.029785	0.002785502	0.73075	5.00E-05	0	0
952	0.29657	0.16355	0.032953	0.002311116	0.73255	4.00E-05	0	0
954	0.29547	0.15885	0.036186	0.001959153	0.73435	3.00E-05	0	0
956	0.29437	0.15415	0.039088	0.0016643	0.73615	2.00E-05	0	0
958	0.29327	0.14945	0.041468	0.001451061	0.73795	1.00E-05	0	0
960	0.29217	0.14475	0.04374	    0.00127863	0.73975	1.00E-05	0	0
962	0.29057	0.1408	0.045152	0.001147207	0.7404	1.00E-05	0	0
964	0.28897	0.13685	0.046564	0.001037587	0.74105	1.00E-05	0	0
966	0.28737	0.1329	0.047179	0.000954982	0.7417	1.00E-05	0	0
968	0.28577	0.12895	0.047635	0.00088768	0.74235	1.00E-05	0	0
970	0.28417	0.125	0.048005	0.000838131	0.743	1.00E-05	0	0
972	0.28257	0.12105	0.048306	0.000799384	0.74365	1.00E-05	0	0
974	0.28097	0.1171	0.048529	0.000770879	0.7443	1.00E-05	0	0
976	0.27937	0.11315	0.048549	0.000749005	0.74495	1.00E-05	0	0
978	0.27777	0.1092	0.048569	0.000739573	0.7456	1.00E-05	0	0
980	0.27617	0.10525	0.048205	0.000738743	0.74625	1.00E-05	0	0
982	0.27457	0.1013	0.04784	    0.000749995	0.7469	1.00E-05	0	0
984	0.27297	0.09735	0.047304	0.000770149	0.74755	1.00E-05	0	0
986	0.27137	0.0934	0.046702	0.000823808	0.7482	1.00E-05	0	0
988	0.26977	0.08945	0.046001	0.000903763	0.74885	1.00E-05	0	0
990	0.26817	0.0855	0.045176	0.001020684	0.7495	1.00E-05	0	0
992	0.26657	0.08155	0.044345	0.001168611	0.75015	1.00E-05	0	0
994	0.26497	0.0776	0.043489	0.001341742	0.7508	1.00E-05	0	0
996	0.26337	0.07365	0.042632	0.001537177	0.75145	1.00E-05	0	0
998	0.26177	0.0697	0.041663	0.001744714	0.7521	1.00E-05	0	0
1000    0.26017	0.06575	0.040679	0.001963354	0.75275	1.00E-05	0	0
