490.37	0.000
490.75	0.000
491.12	0.000
491.49	0.000
491.87	0.000
492.24	0.000
492.62	0.000
492.99	0.000
493.37	0.000
493.74	0.000
494.11	0.000
494.49	0.000
494.86	0.000
495.24	0.000
495.61	0.000
495.98	0.000
496.36	0.000
496.73	0.000
497.10	0.000
497.48	0.000
497.85	0.000
498.22	0.000
498.60	0.000
498.97	0.000
499.34	0.032
499.72	0.024
500.09	0.024
500.46	0.024
500.84	0.023
501.21	0.024
501.58	0.024
501.96	0.023
502.33	0.023
502.70	0.022
503.07	0.023
503.45	0.024
503.82	0.023
504.19	0.023
504.56	0.022
504.94	0.021
505.31	0.022
505.68	0.023
506.05	0.023
506.43	0.023
506.80	0.022
507.17	0.024
507.54	0.023
507.91	0.024
508.29	0.023
508.66	0.023
509.03	0.021
509.40	0.022
509.77	0.021
510.14	0.021
510.52	0.021
510.89	0.022
511.26	0.024
511.63	0.023
512.00	0.021
512.37	0.021
512.74	0.022
513.11	0.022
513.49	0.021
513.86	0.021
514.23	0.022
514.60	0.022
514.97	0.023
515.34	0.023
515.71	0.024
516.08	0.023
516.45	0.023
516.82	0.022
517.19	0.023
517.56	0.023
517.93	0.022
518.31	0.023
518.68	0.022
519.05	0.023
519.42	0.023
519.79	0.024
520.16	0.024
520.53	0.023
520.90	0.024
521.27	0.023
521.64	0.023
522.01	0.024
522.38	0.023
522.75	0.024
523.11	0.023
523.48	0.025
523.85	0.025
524.22	0.025
524.59	0.025
524.96	0.026
525.33	0.025
525.70	0.025
526.07	0.025
526.44	0.026
526.81	0.026
527.18	0.025
527.55	0.025
527.92	0.025
528.28	0.026
528.65	0.026
529.02	0.026
529.39	0.027
529.76	0.028
530.13	0.027
530.50	0.027
530.86	0.027
531.23	0.028
531.60	0.028
531.97	0.028
532.34	0.028
532.71	0.029
533.07	0.028
533.44	0.028
533.81	0.029
534.18	0.030
534.55	0.030
534.91	0.029
535.28	0.030
535.65	0.030
536.02	0.030
536.39	0.030
536.75	0.031
537.12	0.032
537.49	0.031
537.86	0.031
538.22	0.031
538.59	0.032
538.96	0.032
539.32	0.033
539.69	0.033
540.06	0.033
540.43	0.033
540.79	0.034
541.16	0.034
541.53	0.034
541.89	0.034
542.26	0.036
542.63	0.035
542.99	0.036
543.36	0.036
543.73	0.036
544.09	0.036
544.46	0.036
544.83	0.038
545.19	0.037
545.56	0.037
545.92	0.038
546.29	0.038
546.66	0.039
547.02	0.038
547.39	0.038
547.75	0.039
548.12	0.040
548.49	0.040
548.85	0.040
549.22	0.041
549.58	0.042
549.95	0.041
550.31	0.041
550.68	0.043
551.04	0.043
551.41	0.043
551.78	0.044
552.14	0.044
552.51	0.045
552.87	0.045
553.24	0.045
553.60	0.046
553.97	0.046
554.33	0.047
554.70	0.048
555.06	0.048
555.43	0.048
555.79	0.049
556.15	0.049
556.52	0.049
556.88	0.050
557.25	0.051
557.61	0.051
557.98	0.051
558.34	0.052
558.71	0.052
559.07	0.052
559.43	0.053
559.80	0.053
560.16	0.054
560.53	0.054
560.89	0.055
561.25	0.055
561.62	0.056
561.98	0.057
562.34	0.057
562.71	0.058
563.07	0.058
563.43	0.059
563.80	0.059
564.16	0.060
564.53	0.061
564.89	0.061
565.25	0.062
565.61	0.062
565.98	0.062
566.34	0.063
566.70	0.064
567.07	0.064
567.43	0.065
567.79	0.066
568.16	0.067
568.52	0.068
568.88	0.067
569.24	0.068
569.61	0.069
569.97	0.069
570.33	0.070
570.69	0.071
571.06	0.071
571.42	0.072
571.78	0.073
572.14	0.074
572.50	0.074
572.87	0.075
573.23	0.075
573.59	0.076
573.95	0.077
574.31	0.078
574.68	0.078
575.04	0.080
575.40	0.080
575.76	0.081
576.12	0.081
576.48	0.083
576.84	0.083
577.21	0.083
577.57	0.083
577.93	0.086
578.29	0.086
578.65	0.087
579.01	0.087
579.37	0.088
579.73	0.089
580.10	0.090
580.46	0.091
580.82	0.091
581.18	0.092
581.54	0.094
581.90	0.095
582.26	0.095
582.62	0.096
582.98	0.096
583.34	0.097
583.70	0.098
584.06	0.100
584.42	0.100
584.78	0.101
585.14	0.102
585.50	0.103
585.86	0.104
586.22	0.104
586.58	0.106
586.94	0.107
587.30	0.107
587.66	0.109
588.02	0.109
588.38	0.110
588.74	0.112
589.10	0.112
589.46	0.113
589.82	0.115
590.18	0.116
590.54	0.116
590.90	0.118
591.26	0.119
591.61	0.120
591.97	0.120
592.33	0.121
592.69	0.122
593.05	0.123
593.41	0.124
593.77	0.125
594.13	0.126
594.49	0.127
594.84	0.128
595.20	0.129
595.56	0.131
595.92	0.132
596.28	0.132
596.64	0.134
597.00	0.135
597.35	0.136
597.71	0.137
598.07	0.138
598.43	0.140
598.79	0.140
599.14	0.142
599.50	0.143
599.86	0.145
600.22	0.145
600.57	0.146
600.93	0.148
601.29	0.150
601.65	0.149
602.01	0.152
602.36	0.152
602.72	0.153
603.08	0.156
603.43	0.156
603.79	0.158
604.15	0.159
604.51	0.160
604.86	0.162
605.22	0.163
605.58	0.164
605.93	0.165
606.29	0.167
606.65	0.168
607.00	0.169
607.36	0.171
607.72	0.173
608.07	0.174
608.43	0.176
608.79	0.177
609.14	0.179
609.50	0.180
609.86	0.181
610.21	0.183
610.57	0.184
610.92	0.186
611.28	0.187
611.64	0.189
611.99	0.190
612.35	0.192
612.70	0.194
613.06	0.196
613.42	0.197
613.77	0.199
614.13	0.201
614.48	0.202
614.84	0.204
615.19	0.206
615.55	0.208
615.90	0.209
616.26	0.211
616.61	0.214
616.97	0.215
617.32	0.216
617.68	0.218
618.03	0.220
618.39	0.222
618.74	0.224
619.10	0.226
619.45	0.228
619.81	0.230
620.16	0.232
620.52	0.233
620.87	0.236
621.23	0.237
621.58	0.240
621.94	0.242
622.29	0.243
622.64	0.246
623.00	0.248
623.35	0.250
623.71	0.253
624.06	0.255
624.41	0.257
624.77	0.259
625.12	0.262
625.48	0.263
625.83	0.265
626.18	0.269
626.54	0.271
626.89	0.272
627.24	0.275
627.60	0.277
627.95	0.279
628.31	0.281
628.66	0.284
629.01	0.287
629.36	0.289
629.72	0.292
630.07	0.294
630.42	0.296
630.78	0.299
631.13	0.301
631.48	0.304
631.84	0.306
632.19	0.307
632.54	0.312
632.89	0.313
633.25	0.315
633.60	0.318
633.95	0.320
634.30	0.322
634.66	0.325
635.01	0.328
635.36	0.331
635.71	0.334
636.06	0.336
636.42	0.338
636.77	0.341
637.12	0.344
637.47	0.347
637.82	0.349
638.18	0.352
638.53	0.355
638.88	0.357
639.23	0.359
639.58	0.362
639.93	0.364
640.29	0.367
640.64	0.369
640.99	0.373
641.34	0.376
641.69	0.377
642.04	0.380
642.39	0.383
642.74	0.385
643.10	0.389
643.45	0.391
643.80	0.394
644.15	0.396
644.50	0.399
644.85	0.402
645.20	0.405
645.55	0.407
645.90	0.411
646.25	0.413
646.60	0.415
646.95	0.419
647.30	0.422
647.65	0.424
648.00	0.427
648.35	0.430
648.70	0.432
649.05	0.436
649.40	0.438
649.75	0.442
650.10	0.445
650.45	0.447
650.80	0.450
651.15	0.453
651.50	0.456
651.85	0.458
652.20	0.462
652.55	0.464
652.90	0.467
653.25	0.470
653.60	0.472
653.95	0.476
654.30	0.480
654.65	0.482
655.00	0.485
655.35	0.490
655.69	0.492
656.04	0.494
656.39	0.497
656.74	0.501
657.09	0.504
657.44	0.508
657.79	0.512
658.14	0.513
658.48	0.518
658.83	0.522
659.18	0.525
659.53	0.527
659.88	0.531
660.23	0.534
660.57	0.538
660.92	0.541
661.27	0.544
661.62	0.548
661.97	0.551
662.31	0.555
662.66	0.559
663.01	0.563
663.36	0.567
663.71	0.570
664.05	0.574
664.40	0.578
664.75	0.582
665.10	0.587
665.44	0.590
665.79	0.595
666.14	0.600
666.49	0.603
666.83	0.608
667.18	0.612
667.53	0.617
667.87	0.621
668.22	0.626
668.57	0.631
668.91	0.635
669.26	0.639
669.61	0.644
669.96	0.650
670.30	0.653
670.65	0.658
670.99	0.663
671.34	0.669
671.69	0.674
672.03	0.680
672.38	0.684
672.73	0.691
673.07	0.695
673.42	0.701
673.77	0.706
674.11	0.711
674.46	0.718
674.80	0.722
675.15	0.728
675.49	0.734
675.84	0.741
676.19	0.747
676.53	0.753
676.88	0.759
677.22	0.765
677.57	0.770
677.91	0.777
678.26	0.782
678.60	0.789
678.95	0.797
679.29	0.803
679.64	0.809
679.99	0.816
680.33	0.824
680.67	0.829
681.02	0.837
681.36	0.843
681.71	0.851
682.05	0.858
682.40	0.865
682.74	0.871
683.09	0.878
683.43	0.885
683.78	0.893
684.12	0.900
684.47	0.907
684.81	0.915
685.15	0.921
685.50	0.930
685.84	0.937
686.19	0.945
686.53	0.952
686.87	0.960
687.22	0.967
687.56	0.975
687.91	0.982
688.25	0.988
688.59	0.997
688.94	1.004
689.28	1.013
689.62	1.018
689.97	1.026
690.31	1.033
690.65	1.042
691.00	1.048
691.34	1.056
691.68	1.063
692.03	1.071
692.37	1.080
692.71	1.086
693.06	1.095
693.40	1.101
693.74	1.108
694.08	1.115
694.43	1.123
694.77	1.133
695.11	1.137
695.46	1.142
695.80	1.151
696.14	1.160
696.48	1.165
696.83	1.173
697.17	1.178
697.51	1.184
697.85	1.194
698.19	1.198
698.54	1.206
698.88	1.210
699.22	1.219
699.56	1.225
699.90	1.229
700.25	1.234
700.59	1.240
700.93	1.249
701.27	1.252
701.61	1.260
701.95	1.262
702.29	1.272
702.64	1.276
702.98	1.280
703.32	1.285
703.66	1.289
704.00	1.295
704.34	1.301
704.68	1.301
705.02	1.313
705.37	1.311
705.71	1.316
706.05	1.321
706.39	1.322
706.73	1.329
707.07	1.330
707.41	1.332
707.75	1.337
708.09	1.339
708.43	1.343
708.77	1.345
709.11	1.346
709.45	1.351
709.79	1.355
710.13	1.356
710.47	1.358
710.81	1.359
711.15	1.359
711.49	1.365
711.83	1.365
712.17	1.365
712.51	1.367
712.85	1.368
713.19	1.371
713.53	1.370
713.87	1.370
714.21	1.368
714.55	1.372
714.89	1.372
715.23	1.372
715.57	1.369
715.91	1.372
716.25	1.371
716.58	1.372
716.92	1.371
717.26	1.366
717.60	1.367
717.94	1.372
718.28	1.368
718.62	1.367
718.96	1.366
719.30	1.365
719.63	1.365
719.97	1.360
720.31	1.363
720.65	1.360
720.99	1.356
721.33	1.357
721.66	1.351
722.00	1.355
722.34	1.349
722.68	1.349
723.02	1.344
723.35	1.346
723.69	1.344
724.03	1.341
724.37	1.340
724.71	1.333
725.04	1.335
725.38	1.335
725.72	1.331
726.06	1.329
726.39	1.330
726.73	1.328
727.07	1.324
727.41	1.326
727.74	1.321
728.08	1.319
728.42	1.318
728.75	1.317
729.09	1.315
729.43	1.314
729.77	1.316
730.10	1.312
730.44	1.310
730.78	1.309
731.11	1.306
731.45	1.308
731.79	1.307
732.12	1.306
732.46	1.305
732.79	1.303
733.13	1.304
733.47	1.305
733.80	1.304
734.14	1.305
734.48	1.307
734.81	1.307
735.15	1.308
735.48	1.306
735.82	1.310
736.16	1.306
736.49	1.311
736.83	1.310
737.16	1.315
737.50	1.315
737.83	1.316
738.17	1.320
738.50	1.324
738.84	1.324
739.18	1.328
739.51	1.331
739.85	1.332
740.18	1.339
740.52	1.340
740.85	1.345
741.19	1.350
741.52	1.353
741.86	1.355
742.19	1.364
742.53	1.367
742.86	1.371
743.20	1.379
743.53	1.382
743.86	1.388
744.20	1.394
744.53	1.399
744.87	1.406
745.20	1.410
745.54	1.423
745.87	1.426
746.20	1.436
746.54	1.440
746.87	1.449
747.21	1.456
747.54	1.462
747.87	1.474
748.21	1.480
748.54	1.487
748.88	1.497
749.21	1.502
749.54	1.519
749.88	1.522
750.21	1.530
750.54	1.545
750.88	1.546
751.21	1.562
751.54	1.570
751.88	1.576
752.21	1.591
752.54	1.603
752.88	1.612
753.21	1.621
753.54	1.637
753.87	1.643
754.21	1.659
754.54	1.665
754.87	1.680
755.21	1.699
755.54	1.703
755.87	1.717
756.20	1.740
756.54	1.755
756.87	1.753
757.20	1.773
757.53	1.781
757.86	1.789
758.20	1.807
758.53	1.808
758.86	1.830
759.19	1.854
759.53	1.853
759.86	1.874
760.19	1.881
760.52	1.895
760.85	1.915
761.18	1.926
761.52	1.942
761.85	1.959
762.18	1.975
762.51	1.980
762.84	1.981
763.17	2.012
763.50	2.015
763.83	2.013
764.17	2.046
764.50	2.046
764.83	2.086
765.16	2.090
765.49	2.101
765.82	2.112
766.15	2.136
766.48	2.150
766.81	2.155
767.14	2.166
767.47	2.190
767.80	2.187
768.14	2.189
768.47	2.194
768.80	2.234
769.13	2.247
769.46	2.240
769.79	2.230
770.12	2.244
770.45	2.287
770.78	2.247
771.11	2.248
771.44	2.296
771.77	2.291
772.10	2.290
772.43	2.342
772.76	2.331
773.09	2.305
773.42	2.345
773.74	2.334
774.07	2.322
774.40	2.342
774.73	2.373
775.06	2.359
775.39	2.361
775.72	2.394
776.05	2.391
776.38	2.397
776.71	2.348
777.04	2.402
777.37	2.395
777.69	2.408
778.02	2.429
778.35	2.394
778.68	2.392
779.01	2.352
779.34	2.446
779.67	2.385
779.99	2.355
780.32	2.393
780.65	2.408
780.98	2.365
781.31	2.426
781.64	2.392
781.96	2.377
782.29	2.341
782.62	2.371
782.95	2.351
783.28	2.382
783.60	2.370
783.93	2.307
784.26	2.349
784.59	2.343
784.91	2.307
785.24	2.297
785.57	2.297
785.90	2.332
786.22	2.330
786.55	2.261
786.88	2.271
787.21	2.289
787.53	2.236
787.86	2.231
788.19	2.228
788.51	2.201
788.84	2.217
789.17	2.210
789.50	2.178
789.82	2.170
790.15	2.131
790.48	2.125
790.80	2.114
791.13	2.100
791.45	2.089
791.78	2.057
792.11	2.048
792.43	2.039
792.76	2.025
793.09	1.992
793.41	2.008
793.74	1.961
794.06	1.955
794.39	1.935
794.72	1.926
795.04	1.905
795.37	1.891
795.69	1.838
796.02	1.831
796.35	1.823
796.67	1.790
797.00	1.780
797.32	1.765
797.65	1.734
797.97	1.723
798.30	1.695
798.62	1.674
798.95	1.654
799.27	1.633
799.60	1.613
799.92	1.597
800.25	1.578
800.57	1.557
800.90	1.523
801.22	1.515
801.55	1.495
801.87	1.473
802.20	1.443
802.52	1.428
802.85	1.407
803.17	1.381
803.50	1.365
803.82	1.342
804.14	1.323
804.47	1.303
804.79	1.280
805.12	1.264
805.44	1.246
805.76	1.226
806.09	1.204
806.41	1.184
806.74	1.167
807.06	1.150
807.38	1.129
807.71	1.109
808.03	1.092
808.36	1.072
808.68	1.060
809.00	1.042
809.33	1.021
809.65	1.006
809.97	0.986
810.30	0.970
810.62	0.955
810.94	0.936
811.26	0.920
811.59	0.904
811.91	0.886
812.23	0.872
812.56	0.855
812.88	0.840
813.20	0.826
813.52	0.808
813.85	0.794
814.17	0.779
814.49	0.766
814.81	0.752
815.14	0.739
815.46	0.725
815.78	0.711
816.10	0.696
816.43	0.685
816.75	0.672
817.07	0.660
817.39	0.650
817.71	0.635
818.04	0.625
818.36	0.612
818.68	0.601
819.00	0.590
819.32	0.580
819.65	0.568
819.97	0.559
820.29	0.548
820.61	0.538
820.93	0.528
821.25	0.519
821.57	0.509
821.89	0.497
822.22	0.490
822.54	0.479
822.86	0.472
823.18	0.462
823.50	0.455
823.82	0.446
824.14	0.439
824.46	0.431
824.78	0.423
825.10	0.415
825.42	0.408
825.75	0.400
826.07	0.394
826.39	0.385
826.71	0.379
827.03	0.371
827.35	0.366
827.67	0.360
827.99	0.352
828.31	0.346
828.63	0.339
828.95	0.333
829.27	0.328
829.59	0.323
829.91	0.317
830.23	0.311
830.55	0.305
830.87	0.301
831.19	0.295
831.51	0.290
831.83	0.286
832.14	0.282
832.46	0.276
832.78	0.272
833.10	0.266
833.42	0.262
833.74	0.258
834.06	0.253
834.38	0.250
834.70	0.245
835.02	0.242
835.34	0.238
835.65	0.234
835.97	0.230
836.29	0.227
836.61	0.223
836.93	0.219
837.25	0.217
837.57	0.212
837.88	0.209
838.20	0.207
838.52	0.202
838.84	0.201
839.16	0.198
839.48	0.194
839.79	0.191
840.11	0.188
840.43	0.186
840.75	0.181
841.07	0.181
841.38	0.178
841.70	0.175
842.02	0.172
842.34	0.170
842.65	0.167
842.97	0.164
843.29	0.163
843.61	0.161
843.92	0.158
844.24	0.157
844.56	0.154
844.88	0.152
845.19	0.150
845.51	0.148
845.83	0.145
846.14	0.144
846.46	0.143
846.78	0.141
847.09	0.138
847.41	0.137
847.73	0.136
848.04	0.134
848.36	0.131
848.68	0.129
848.99	0.129
849.31	0.126
849.63	0.125
849.94	0.123
850.26	0.122
850.58	0.122
850.89	0.118
851.21	0.118
851.52	0.116
851.84	0.115
852.16	0.113
852.47	0.113
852.79	0.111
853.10	0.110
853.42	0.108
853.73	0.108
854.05	0.106
854.37	0.105
854.68	0.104
855.00	0.102
855.31	0.102
855.63	0.100
855.94	0.099
856.26	0.098
856.57	0.097
856.89	0.096
857.20	0.095
857.52	0.095
857.83	0.092
858.15	0.091
858.46	0.091
858.78	0.089
859.09	0.089
859.41	0.088
859.72	0.087
860.04	0.085
860.35	0.085
860.66	0.085
860.98	0.082
861.29	0.082
861.61	0.082
861.92	0.081
862.24	0.080
862.55	0.078
862.86	0.078
863.18	0.078
863.49	0.076
863.81	0.075
864.12	0.076
864.43	0.074
864.75	0.074
865.06	0.072
865.37	0.072
865.69	0.071
866.00	0.070
866.31	0.070
866.63	0.069
866.94	0.068
867.25	0.068
867.57	0.068
867.88	0.066
868.19	0.066
868.51	0.065
868.82	0.065
869.13	0.064
869.44	0.062
869.76	0.063
870.07	0.061
870.38	0.061
870.70	0.059
871.01	0.059
871.32	0.060
871.63	0.058
871.95	0.058
872.26	0.056
872.57	0.056
872.88	0.057
873.19	0.055
873.51	0.054
873.82	0.054
874.13	0.053
874.44	0.052
874.75	0.051
875.07	0.052
875.38	0.050
875.69	0.050
876.00	0.049
876.31	0.050
876.62	0.048
876.94	0.048
877.25	0.049
877.56	0.046
877.87	0.046
878.18	0.045
878.49	0.046
878.80	0.044
879.11	0.043
879.43	0.044
879.74	0.043
880.05	0.042
880.36	0.043
880.67	0.041
880.98	0.043
881.29	0.042
881.60	0.039
881.91	0.041
882.22	0.039
882.53	0.039
882.84	0.039
883.15	0.039
883.46	0.037
883.77	0.038
884.08	0.037
884.39	0.037
884.70	0.035
885.01	0.036
885.32	0.036
885.63	0.035
885.94	0.035
886.25	0.035
886.56	0.034
886.87	0.033
887.18	0.033
887.49	0.031
887.80	0.032
888.11	0.032
888.42	0.031
888.73	0.031
889.04	0.031
889.35	0.030
889.66	0.029
889.97	0.029
890.28	0.029
890.59	0.030
890.89	0.028
891.20	0.027
891.51	0.028
891.82	0.026
892.13	0.028
892.44	0.027
892.75	0.027
893.06	0.027
893.36	0.025
893.67	0.025
893.98	0.024
894.29	0.024
894.60	0.024
894.91	0.024
895.21	0.023
895.52	0.024
895.83	0.023
896.14	0.023
896.45	0.023
896.75	0.023
897.06	0.022
897.37	0.023
897.68	0.021
897.99	0.022
898.29	0.020
898.60	0.021
898.91	0.021
899.22	0.021
899.52	0.021
899.83	0.019
900.14	0.019
900.44	0.019
900.75	0.019
901.06	0.020
901.37	0.019
901.67	0.019
901.98	0.018
902.29	0.018
902.59	0.017
902.90	0.018
903.21	0.018
903.51	0.017
903.82	0.015
904.13	0.017
904.43	0.017
904.74	0.016
905.05	0.017
905.35	0.016
905.66	0.016
905.97	0.016
906.27	0.016
906.58	0.015
906.88	0.015
907.19	0.015
907.50	0.016
907.80	0.014
908.11	0.015
908.41	0.015
908.72	0.014
909.02	0.014
909.33	0.014
909.64	0.013
909.94	0.014
910.25	0.013
910.55	0.013
910.86	0.014
911.16	0.013
911.47	0.014
911.77	0.011
912.08	0.013
912.38	0.012
912.69	0.012
912.99	0.012
913.30	0.013
913.60	0.013
913.91	0.012
914.21	0.013
914.52	0.012
914.82	0.011
915.13	0.011
915.43	0.012
915.73	0.010
916.04	0.012
916.34	0.011
916.65	0.009
916.95	0.011
917.26	0.010
917.56	0.010
917.86	0.012
918.17	0.010
918.47	0.011
918.78	0.010
919.08	0.011
919.38	0.011
919.69	0.011
919.99	0.010
920.29	0.011
920.60	0.010
920.90	0.012
921.20	0.010
921.51	0.010
921.81	0.009
922.11	0.011
922.42	0.009
922.72	0.010
923.02	0.008
923.33	0.009
923.63	0.009
923.93	0.011
924.24	0.010
924.54	0.010
924.84	0.011
925.14	0.010
925.45	0.011
925.75	0.010
926.05	0.009
926.35	0.009
926.66	0.008
926.96	0.009
927.26	0.009
927.56	0.010
927.87	0.009
928.17	0.008
928.47	0.008
928.77	0.009
929.07	0.010
929.38	0.007
929.68	0.008
929.98	0.008
930.28	0.008
930.58	0.010
930.88	0.008
931.19	0.009
931.49	0.007
931.79	0.009
932.09	0.009
932.39	0.007
932.69	0.008
932.99	0.007
933.30	0.008
933.60	0.009
933.90	0.007
934.20	0.008
934.50	0.008
934.80	0.008
935.10	0.008
935.40	0.008
935.70	0.008
936.00	0.007
936.30	0.009
936.60	0.007
936.91	0.009
937.21	0.009
937.51	0.009
937.81	0.007
938.11	0.008
938.41	0.008
938.71	0.009
939.01	0.007
939.31	0.009
939.61	0.009
939.91	0.008
940.21	0.010
940.51	0.008
940.81	0.007
941.11	0.009
941.41	0.010
941.71	0.008
942.01	0.009
942.31	0.007
942.60	0.007
942.90	0.009
943.20	0.007
943.50	0.009
943.80	0.009
944.10	0.009
944.40	0.009
944.70	0.008
945.00	0.010
945.30	0.008
945.60	0.007
945.89	0.009
946.19	0.009
946.49	0.009
946.79	0.008
947.09	0.010
947.39	0.010
947.69	0.011
947.99	0.010
948.28	0.010
948.58	0.008
948.88	0.009
949.18	0.010
949.48	0.010
949.77	0.010
950.07	0.010
950.37	0.009
950.67	0.010
950.97	0.011
951.26	0.010
951.56	0.011
951.86	0.011
952.16	0.009
952.45	0.011
952.75	0.010
953.05	0.009
953.35	0.010
953.64	0.012
953.94	0.011
954.24	0.010
954.54	0.011
954.83	0.009
955.13	0.012
955.43	0.009
955.72	0.008
956.02	0.010
956.32	0.010
956.62	0.012
956.91	0.011
957.21	0.011
957.51	0.011
957.80	0.009
958.10	0.012
958.40	0.010
958.69	0.011
958.99	0.011
959.28	0.011
959.58	0.010
959.88	0.010
960.17	0.010
960.47	0.011
960.76	0.011
961.06	0.010
961.36	0.012
961.65	0.011
961.95	0.012
962.24	0.012
962.54	0.012
962.84	0.010
963.13	0.012
963.43	0.011
963.72	0.010
964.02	0.009
964.31	0.013
964.61	0.010
964.90	0.012
965.20	0.011
965.49	0.012
965.79	0.012
966.08	0.010
966.38	0.012
966.67	0.011
966.97	0.012
967.26	0.013
967.56	0.013
967.85	0.010
968.15	0.014
968.44	0.013
968.74	0.011
969.03	0.012
969.33	0.010
969.62	0.012
969.91	0.014
970.21	0.012
970.50	0.012
970.80	0.014
971.09	0.011
971.38	0.013
971.68	0.011
971.97	0.015
972.27	0.013
972.56	0.013
972.85	0.015
973.15	0.014
973.44	0.011
973.73	0.012
974.03	0.012
974.32	0.014
974.62	0.013
974.91	0.014
975.20	0.013
975.50	0.015
975.79	0.013
976.08	0.013
976.37	0.015
976.67	0.013
976.96	0.014
977.25	0.012
977.55	0.012
977.84	0.012
978.13	0.014
978.42	0.012
978.72	0.014
979.01	0.015
979.30	0.015
979.59	0.014
979.89	0.015
980.18	0.016
980.47	0.013
980.76	0.015
981.06	0.014
981.35	0.014
981.64	0.013
981.93	0.013
982.22	0.014
982.52	0.016
982.81	0.014
983.10	0.014
983.39	0.015
983.68	0.014
983.97	0.014
984.27	0.013
984.56	0.016
984.85	0.014
985.14	0.014
985.43	0.015
985.72	0.014
986.01	0.014
986.31	0.013
986.60	0.013
986.89	0.015
987.18	0.016
987.47	0.017
987.76	0.016
988.05	0.017
988.34	0.015
988.63	0.014
988.92	0.013
989.21	0.013
989.50	0.017
989.79	0.015
990.09	0.017
990.38	0.016
990.67	0.019
990.96	0.014
991.25	0.016
991.54	0.014
991.83	0.014
992.12	0.015
992.41	0.013
992.70	0.015
992.99	0.015
993.28	0.015
993.57	0.015
993.86	0.016
994.15	0.014
994.44	0.018
994.72	0.015
995.01	0.014
995.30	0.017
995.59	0.017
995.88	0.015
996.17	0.015
996.46	0.014
996.75	0.015
997.04	0.014
997.33	0.015
997.62	0.017
997.91	0.015
998.19	0.015
998.48	0.017
998.77	0.017
999.06	0.015
999.35	0.016
999.64	0.017
999.93	0.018
1000.22	0.014
1000.50	0.013
1000.79	0.020
1001.08	0.015
1001.37	0.016
1001.66	0.017
1001.94	0.018
1002.23	0.013
1002.52	0.018
1002.81	0.017
1003.10	0.016
1003.38	0.017
1003.67	0.016
1003.96	0.020
1004.25	0.017
1004.54	0.020
1004.82	0.018
1005.11	0.018
1005.40	0.018
1005.69	0.018
1005.97	0.017
1006.26	0.015
1006.55	0.016
1006.83	0.019
1007.12	0.022
1007.41	0.020
1007.70	0.019
1007.98	0.016
1008.27	0.018
1008.56	0.016
1008.84	0.020
1009.13	0.018
1009.42	0.017
1009.70	0.017
1009.99	0.016
1010.28	0.019
1010.56	0.018
1010.85	0.019
1011.14	0.015
1011.42	0.016
1011.71	0.017
1011.99	0.020
1012.28	0.017
1012.57	0.021
1012.85	0.017
1013.14	0.018
1013.42	0.017
1013.71	0.018
1014.00	0.019
1014.28	0.019
1014.57	0.018
1014.85	0.015
1015.14	0.019
1015.42	0.020
1015.71	0.019
1016.00	0.018
1016.28	0.017
1016.57	0.017
1016.85	0.020
1017.14	0.018
1017.42	0.021
1017.71	0.019
1017.99	0.017
1018.28	0.018
1018.56	0.020
1018.85	0.018
1019.13	0.020
1019.42	0.016
1019.70	0.020
1019.98	0.020
1020.27	0.019
1020.55	0.017
1020.84	0.016
1021.12	0.022
1021.41	0.019
1021.69	0.019
1021.98	0.020
1022.26	0.018
1022.54	0.020
1022.83	0.020
1023.11	0.024
1023.40	0.020
1023.68	0.022
1023.96	0.019
1024.25	0.019
1024.53	0.021
1024.81	0.017
1025.10	0.022
1025.38	0.019
1025.67	0.017
1025.95	0.022
1026.23	0.018
1026.52	0.021
1026.80	0.017
1027.08	0.019
1027.37	0.020
1027.65	0.021
1027.93	0.021
1028.21	0.018
1028.50	0.019
1028.78	0.024
1029.06	0.023
1029.35	0.021
1029.63	0.020
1029.91	0.024
1030.19	0.020
1030.48	0.020
1030.76	0.019
1031.04	0.022
1031.32	0.019
1031.61	0.021
1031.89	0.025
1032.17	0.024
1032.45	0.024
1032.73	0.026
1033.02	0.022
1033.30	0.023
1033.58	0.024
1033.86	0.023
1034.14	0.024
1034.43	0.023
1034.71	0.023
1034.99	0.024
1035.27	0.024
1035.55	0.020
1035.83	0.024
1036.12	0.024
1036.40	0.024
1036.68	0.024
1036.96	0.019
1037.24	0.021
1037.52	0.022
1037.80	0.022
1038.08	0.025
1038.36	0.023
1038.65	0.024
1038.93	0.027
1039.21	0.025
1039.49	0.023
1039.77	0.028
1040.05	0.024
1040.33	0.027
1040.61	0.029
1040.89	0.025
1041.17	0.031
1041.45	0.028
1041.73	0.024
1042.01	0.025
1042.29	0.025
1042.57	0.030
1042.85	0.027
1043.13	0.026
1043.41	0.028
1043.69	0.030
1043.97	0.027
1044.25	0.024
1044.53	0.024
1044.81	0.030
1045.09	0.028
1045.37	0.028
1045.65	0.024
1045.93	0.025
1046.21	0.030
1046.49	0.023
1046.77	0.026
1047.05	0.024
1047.33	0.026
1047.61	0.037
1047.88	0.029
1048.16	0.028
1048.44	0.028
1048.72	0.023
1049.00	0.031
1049.28	0.029
1049.56	0.029
1049.84	0.029
1050.11	0.026
1050.39	0.033
1050.67	0.030
1050.95	0.028
1051.23	0.034
1051.51	0.028
1051.79	0.031
1052.06	0.032
1052.34	0.031
1052.62	0.029
1052.90	0.029
1053.18	0.030
1053.45	0.036
1053.73	0.033
1054.01	0.030
1054.29	0.031
1054.57	0.035
1054.84	0.038
1055.12	0.032
1055.40	0.032
1055.68	0.036
1055.95	0.038
1056.23	0.033
1056.51	0.038
1056.78	0.032
1057.06	0.030
1057.34	0.033
1057.62	0.032
1057.89	0.036
1058.17	0.034
1058.45	0.032
1058.72	0.037
1059.00	0.037
1059.28	0.033
1059.55	0.032
1059.83	0.036
1060.11	0.037
1060.38	0.039
1060.66	0.043
1060.94	0.033
1061.21	0.035
1061.49	0.036
1061.77	0.038
1062.04	0.041
1062.32	0.037
1062.59	0.046
1062.87	0.037
1063.15	0.038
1063.42	0.038
1063.70	0.041
1063.97	0.042
1064.25	0.043
1064.53	0.039
1064.80	0.043
1065.08	0.039
1065.35	0.046
1065.63	0.038
1065.90	0.036
1066.18	0.040
1066.45	0.048
1066.73	0.050
1067.00	0.032
1067.28	0.040
1067.55	0.041
1067.83	0.045
1068.10	0.048
1068.38	0.042
1068.65	0.044
1068.93	0.040
1069.20	0.040
1069.48	0.046
1069.75	0.040
1070.03	0.045
1070.30	0.045
1070.58	0.053
1070.85	0.050
1071.13	0.044
1071.40	0.046
1071.67	0.050
1071.95	0.039
1072.22	0.047
1072.50	0.044
1072.77	0.040
1073.05	0.048
1073.32	0.050
1073.59	0.053
1073.87	0.044
1074.14	0.040
1074.41	0.053
1074.69	0.047
1074.96	0.050
1075.23	0.048
1075.51	0.042
1075.78	0.043
1076.06	0.047
1076.33	0.049
1076.60	0.055
1076.87	0.050
1077.15	0.048
1077.42	0.046
1077.69	0.046
1077.97	0.049
1078.24	0.045
1078.51	0.060
1078.79	0.057
1079.06	0.045
1079.33	0.049
1079.60	0.041
1079.88	0.060
1080.15	0.052
1080.42	0.048
1080.69	0.056
1080.97	0.055
1081.24	0.051
1081.51	0.055
1081.78	0.056
1082.05	0.055
1082.33	0.058
1082.60	0.058
1082.87	0.055
1083.14	0.058
1083.41	0.049
1083.69	0.059
1083.96	0.050
1084.23	0.061
1084.50	0.052
1084.77	0.065
1085.04	0.056
1085.32	0.051
1085.59	0.071
1085.86	0.058
1086.13	0.064
1086.40	0.072
1086.67	0.048
1086.94	0.069
1087.21	0.058
1087.49	0.070
1087.76	0.059
1088.03	0.051
1088.30	0.058
1088.57	0.052
1088.84	0.055
1089.11	0.060
1089.38	0.064
1089.65	0.066
1089.92	0.076
1090.19	0.072
1090.46	0.060
1090.73	0.065
1091.00	0.058
1091.27	0.070
1091.54	0.068
1091.81	0.063
1092.08	0.060
1092.35	0.063
1092.62	0.053
1092.89	0.063
1093.16	0.073
1093.43	0.060
1093.70	0.059
1093.97	0.059
1094.24	0.055
1094.51	0.065
1094.78	0.058
1095.05	0.063
1095.32	0.065
1095.59	0.068
1095.86	0.055
1096.13	0.070
1096.40	0.066
1096.67	0.075
1096.94	0.070
1097.20	0.072
1097.47	0.076
1097.74	0.066
1098.01	0.071
1098.28	0.089
1098.55	0.068
1098.82	0.075
1099.09	0.073
1099.35	0.093
1099.62	0.078
1099.89	0.069
1100.16	0.073
1100.43	0.080
1100.70	0.084
1100.96	0.087
1101.23	0.066
1101.50	0.083
1101.77	0.085
1102.04	0.065
1102.30	0.083
1102.57	0.089
1102.84	0.080
1103.11	0.087
1103.38	0.082
1103.64	0.082
1103.91	0.086
1104.18	0.095
1104.45	0.086
1104.71	0.083
1104.98	0.090
1105.25	0.092
1105.52	0.088
1105.78	0.113
1106.05	0.080
1106.32	0.082
1106.58	0.086
1106.85	0.065
1107.12	0.087
1107.38	0.084
1107.65	0.098
1107.92	0.088
1108.18	0.079
1108.45	0.103
1108.72	0.101
1108.98	0.092
1109.25	0.089
1109.52	0.100
1109.78	0.099
1110.05	0.100
1110.32	0.089
1110.58	0.103
1110.85	0.090
1111.11	0.089
1111.38	0.099
1111.65	0.114
1111.91	0.106
1112.18	0.091
1112.44	0.104
1112.71	0.091
1112.98	0.103
1113.24	0.072
1113.51	0.091
1113.77	0.120
1114.04	0.112
1114.30	0.111
1114.57	0.109
1114.83	0.117
1115.10	0.106
1115.36	0.110
1115.63	0.114
1115.89	0.112
1116.16	0.118
1116.42	0.129
1116.69	0.123
1116.95	0.103
1117.22	0.100
1117.48	0.109
1117.75	0.082
1118.01	0.141
1118.28	0.113
1118.54	0.126
1118.81	0.107
1119.07	0.127
1119.34	0.138
1119.60	0.142
1119.86	0.157
1120.13	0.147
1120.39	0.129
1120.66	0.131
1120.92	0.160
1121.18	0.118
1121.45	0.130
1121.71	0.106
1121.98	0.136
1122.24	0.118
1122.50	0.111
1122.77	0.112
1123.03	0.136
1123.29	0.136
1123.56	0.142
1123.82	0.114
1124.08	0.144
1124.35	0.157
1124.61	0.131
1124.87	0.172
1125.14	0.141
1125.40	0.162
1125.66	0.184
1125.93	0.182
1126.19	0.124
1126.45	0.165
1126.71	0.161
1126.98	0.147
1127.24	0.127
1127.50	0.178
1127.77	0.123
1128.03	0.155
1128.29	0.168
1128.55	0.154
1128.81	0.162
1129.08	0.196
1129.34	0.230
1129.60	0.172
1129.86	0.203
1130.13	0.214
1130.39	0.192
1130.65	0.209
1130.91	0.209
1131.17	0.171
1131.43	0.197
1131.70	0.199
1131.96	0.222
1132.22	0.181
1132.48	0.183
1132.74	0.205
1133.00	0.165
1133.27	0.177
1133.53	0.185
1133.79	0.138
1134.05	0.189
1134.31	0.198
1134.57	0.221
1134.83	0.194
1135.09	0.181
1135.35	0.262
1135.62	0.243
1135.88	0.216
1136.14	0.320
1136.40	0.254
1136.66	0.278
1136.92	0.257
1137.18	0.350
1137.44	0.232
1137.70	0.300
1137.96	0.350
1138.22	0.324
1138.48	0.280
1138.74	0.443
1139.00	0.237
1139.26	0.338
1139.52	0.316
1139.78	0.434
