490.37	0.000
490.75	0.000
491.12	0.000
491.49	0.000
491.87	0.000
492.24	0.000
492.62	0.000
492.99	0.000
493.37	0.000
493.74	0.000
494.11	0.000
494.49	0.000
494.86	0.000
495.24	0.000
495.61	0.000
495.98	0.000
496.36	0.000
496.73	0.000
497.10	0.000
497.48	0.000
497.85	0.000
498.22	0.000
498.60	0.000
498.97	0.000
499.34	0.199
499.72	0.181
500.09	0.180
500.46	0.178
500.84	0.177
501.21	0.176
501.58	0.173
501.96	0.173
502.33	0.173
502.70	0.172
503.07	0.172
503.45	0.172
503.82	0.169
504.19	0.168
504.56	0.169
504.94	0.166
505.31	0.165
505.68	0.166
506.05	0.165
506.43	0.164
506.80	0.163
507.17	0.164
507.54	0.162
507.91	0.161
508.29	0.160
508.66	0.160
509.03	0.159
509.40	0.157
509.77	0.157
510.14	0.158
510.52	0.157
510.89	0.155
511.26	0.155
511.63	0.156
512.00	0.155
512.37	0.153
512.74	0.153
513.11	0.152
513.49	0.152
513.86	0.152
514.23	0.151
514.60	0.150
514.97	0.150
515.34	0.149
515.71	0.147
516.08	0.147
516.45	0.147
516.82	0.147
517.19	0.147
517.56	0.146
517.93	0.144
518.31	0.143
518.68	0.144
519.05	0.144
519.42	0.142
519.79	0.142
520.16	0.142
520.53	0.142
520.90	0.142
521.27	0.141
521.64	0.140
522.01	0.140
522.38	0.139
522.75	0.139
523.11	0.139
523.48	0.139
523.85	0.139
524.22	0.138
524.59	0.137
524.96	0.139
525.33	0.136
525.70	0.136
526.07	0.136
526.44	0.137
526.81	0.136
527.18	0.136
527.55	0.135
527.92	0.136
528.28	0.135
528.65	0.135
529.02	0.135
529.39	0.134
529.76	0.136
530.13	0.135
530.50	0.135
530.86	0.135
531.23	0.134
531.60	0.134
531.97	0.135
532.34	0.134
532.71	0.135
533.07	0.134
533.44	0.135
533.81	0.134
534.18	0.134
534.55	0.134
534.91	0.135
535.28	0.135
535.65	0.136
536.02	0.135
536.39	0.134
536.75	0.136
537.12	0.135
537.49	0.135
537.86	0.135
538.22	0.136
538.59	0.136
538.96	0.136
539.32	0.137
539.69	0.138
540.06	0.137
540.43	0.139
540.79	0.138
541.16	0.139
541.53	0.140
541.89	0.140
542.26	0.139
542.63	0.141
542.99	0.141
543.36	0.142
543.73	0.142
544.09	0.144
544.46	0.143
544.83	0.143
545.19	0.145
545.56	0.145
545.92	0.146
546.29	0.147
546.66	0.149
547.02	0.148
547.39	0.149
547.75	0.151
548.12	0.151
548.49	0.153
548.85	0.154
549.22	0.155
549.58	0.155
549.95	0.156
550.31	0.157
550.68	0.158
551.04	0.160
551.41	0.161
551.78	0.162
552.14	0.163
552.51	0.165
552.87	0.165
553.24	0.168
553.60	0.169
553.97	0.170
554.33	0.172
554.70	0.173
555.06	0.175
555.43	0.176
555.79	0.177
556.15	0.179
556.52	0.181
556.88	0.181
557.25	0.184
557.61	0.186
557.98	0.188
558.34	0.189
558.71	0.192
559.07	0.193
559.43	0.195
559.80	0.197
560.16	0.199
560.53	0.201
560.89	0.203
561.25	0.205
561.62	0.207
561.98	0.211
562.34	0.212
562.71	0.214
563.07	0.216
563.43	0.218
563.80	0.221
564.16	0.223
564.53	0.225
564.89	0.228
565.25	0.231
565.61	0.233
565.98	0.235
566.34	0.239
566.70	0.241
567.07	0.245
567.43	0.247
567.79	0.250
568.16	0.253
568.52	0.257
568.88	0.259
569.24	0.262
569.61	0.267
569.97	0.269
570.33	0.272
570.69	0.275
571.06	0.279
571.42	0.283
571.78	0.287
572.14	0.290
572.50	0.294
572.87	0.298
573.23	0.302
573.59	0.306
573.95	0.310
574.31	0.314
574.68	0.318
575.04	0.322
575.40	0.326
575.76	0.331
576.12	0.336
576.48	0.340
576.84	0.346
577.21	0.350
577.57	0.354
577.93	0.359
578.29	0.365
578.65	0.371
579.01	0.375
579.37	0.380
579.73	0.387
580.10	0.391
580.46	0.398
580.82	0.404
581.18	0.409
581.54	0.416
581.90	0.423
582.26	0.429
582.62	0.435
582.98	0.440
583.34	0.449
583.70	0.455
584.06	0.462
584.42	0.471
584.78	0.477
585.14	0.484
585.50	0.493
585.86	0.500
586.22	0.509
586.58	0.516
586.94	0.526
587.30	0.534
587.66	0.541
588.02	0.550
588.38	0.559
588.74	0.567
589.10	0.578
589.46	0.586
589.82	0.595
590.18	0.605
590.54	0.615
590.90	0.624
591.26	0.634
591.61	0.644
591.97	0.654
592.33	0.666
592.69	0.676
593.05	0.685
593.41	0.697
593.77	0.707
594.13	0.718
594.49	0.728
594.84	0.740
595.20	0.750
595.56	0.761
595.92	0.772
596.28	0.784
596.64	0.795
597.00	0.805
597.35	0.816
597.71	0.826
598.07	0.841
598.43	0.849
598.79	0.859
599.14	0.872
599.50	0.880
599.86	0.895
600.22	0.904
600.57	0.916
600.93	0.925
601.29	0.938
601.65	0.947
602.01	0.956
602.36	0.967
602.72	0.978
603.08	0.989
603.43	0.999
603.79	1.007
604.15	1.013
604.51	1.028
604.86	1.035
605.22	1.044
605.58	1.053
605.93	1.060
606.29	1.069
606.65	1.077
607.00	1.086
607.36	1.092
607.72	1.105
608.07	1.108
608.43	1.115
608.79	1.125
609.14	1.130
609.50	1.136
609.86	1.144
610.21	1.150
610.57	1.158
610.92	1.161
611.28	1.168
611.64	1.173
611.99	1.181
612.35	1.183
612.70	1.190
613.06	1.192
613.42	1.200
613.77	1.202
614.13	1.207
614.48	1.213
614.84	1.213
615.19	1.224
615.55	1.223
615.90	1.229
616.26	1.230
616.61	1.233
616.97	1.241
617.32	1.240
617.68	1.246
618.03	1.242
618.39	1.249
618.74	1.250
619.10	1.251
619.45	1.254
619.81	1.260
620.16	1.261
620.52	1.265
620.87	1.263
621.23	1.264
621.58	1.265
621.94	1.269
622.29	1.273
622.64	1.273
623.00	1.275
623.35	1.275
623.71	1.275
624.06	1.278
624.41	1.276
624.77	1.279
625.12	1.280
625.48	1.282
625.83	1.281
626.18	1.285
626.54	1.282
626.89	1.283
627.24	1.288
627.60	1.287
627.95	1.287
628.31	1.292
628.66	1.290
629.01	1.291
629.36	1.289
629.72	1.292
630.07	1.293
630.42	1.294
630.78	1.291
631.13	1.295
631.48	1.292
631.84	1.292
632.19	1.293
632.54	1.296
632.89	1.296
633.25	1.295
633.60	1.298
633.95	1.299
634.30	1.298
634.66	1.298
635.01	1.302
635.36	1.304
635.71	1.303
636.06	1.303
636.42	1.309
636.77	1.303
637.12	1.304
637.47	1.306
637.82	1.306
638.18	1.308
638.53	1.303
638.88	1.309
639.23	1.308
639.58	1.309
639.93	1.310
640.29	1.309
640.64	1.312
640.99	1.314
641.34	1.314
641.69	1.312
642.04	1.317
642.39	1.315
642.74	1.316
643.10	1.316
643.45	1.318
643.80	1.320
644.15	1.318
644.50	1.320
644.85	1.322
645.20	1.323
645.55	1.322
645.90	1.323
646.25	1.319
646.60	1.321
646.95	1.323
647.30	1.316
647.65	1.322
648.00	1.322
648.35	1.319
648.70	1.317
649.05	1.317
649.40	1.318
649.75	1.316
650.10	1.317
650.45	1.313
650.80	1.315
651.15	1.312
651.50	1.307
651.85	1.306
652.20	1.304
652.55	1.303
652.90	1.299
653.25	1.300
653.60	1.294
653.95	1.294
654.30	1.288
654.65	1.288
655.00	1.285
655.35	1.281
655.69	1.281
656.04	1.280
656.39	1.270
656.74	1.267
657.09	1.265
657.44	1.260
657.79	1.256
658.14	1.253
658.48	1.246
658.83	1.241
659.18	1.241
659.53	1.237
659.88	1.228
660.23	1.224
660.57	1.218
660.92	1.215
661.27	1.212
661.62	1.202
661.97	1.200
662.31	1.194
662.66	1.189
663.01	1.183
663.36	1.179
663.71	1.172
664.05	1.166
664.40	1.162
664.75	1.154
665.10	1.148
665.44	1.146
665.79	1.137
666.14	1.133
666.49	1.125
666.83	1.118
667.18	1.115
667.53	1.108
667.87	1.103
668.22	1.097
668.57	1.093
668.91	1.085
669.26	1.078
669.61	1.072
669.96	1.069
670.30	1.063
670.65	1.056
670.99	1.049
671.34	1.046
671.69	1.038
672.03	1.036
672.38	1.026
672.73	1.022
673.07	1.014
673.42	1.011
673.77	1.005
674.11	0.999
674.46	0.994
674.80	0.990
675.15	0.983
675.49	0.976
675.84	0.972
676.19	0.966
676.53	0.961
676.88	0.957
677.22	0.953
677.57	0.947
677.91	0.942
678.26	0.938
678.60	0.930
678.95	0.927
679.29	0.920
679.64	0.916
679.99	0.911
680.33	0.906
680.67	0.902
681.02	0.898
681.36	0.894
681.71	0.887
682.05	0.882
682.40	0.879
682.74	0.876
683.09	0.871
683.43	0.866
683.78	0.862
684.12	0.858
684.47	0.853
684.81	0.849
685.15	0.845
685.50	0.842
685.84	0.836
686.19	0.833
686.53	0.830
686.87	0.826
687.22	0.821
687.56	0.818
687.91	0.815
688.25	0.809
688.59	0.807
688.94	0.803
689.28	0.798
689.62	0.794
689.97	0.792
690.31	0.789
690.65	0.785
691.00	0.781
691.34	0.778
691.68	0.776
692.03	0.772
692.37	0.769
692.71	0.766
693.06	0.763
693.40	0.759
693.74	0.756
694.08	0.753
694.43	0.750
694.77	0.748
695.11	0.743
695.46	0.742
695.80	0.739
696.14	0.735
696.48	0.733
696.83	0.731
697.17	0.728
697.51	0.726
697.85	0.722
698.19	0.719
698.54	0.717
698.88	0.715
699.22	0.713
699.56	0.712
699.90	0.709
700.25	0.706
700.59	0.705
700.93	0.702
701.27	0.701
701.61	0.699
701.95	0.697
702.29	0.696
702.64	0.694
702.98	0.692
703.32	0.691
703.66	0.690
704.00	0.688
704.34	0.686
704.68	0.685
705.02	0.684
705.37	0.685
705.71	0.684
706.05	0.682
706.39	0.680
706.73	0.679
707.07	0.679
707.41	0.680
707.75	0.678
708.09	0.677
708.43	0.677
708.77	0.679
709.11	0.678
709.45	0.678
709.79	0.678
710.13	0.676
710.47	0.679
710.81	0.679
711.15	0.679
711.49	0.680
711.83	0.681
712.17	0.681
712.51	0.682
712.85	0.683
713.19	0.683
713.53	0.684
713.87	0.686
714.21	0.689
714.55	0.689
714.89	0.690
715.23	0.689
715.57	0.692
715.91	0.693
716.25	0.693
716.58	0.695
716.92	0.697
717.26	0.699
717.60	0.700
717.94	0.702
718.28	0.703
718.62	0.704
718.96	0.706
719.30	0.708
719.63	0.710
719.97	0.711
720.31	0.710
720.65	0.713
720.99	0.714
721.33	0.715
721.66	0.716
722.00	0.718
722.34	0.718
722.68	0.721
723.02	0.722
723.35	0.721
723.69	0.722
724.03	0.724
724.37	0.725
724.71	0.725
725.04	0.727
725.38	0.724
725.72	0.726
726.06	0.728
726.39	0.729
726.73	0.728
727.07	0.728
727.41	0.725
727.74	0.726
728.08	0.725
728.42	0.727
728.75	0.726
729.09	0.726
729.43	0.724
729.77	0.724
730.10	0.723
730.44	0.722
730.78	0.720
731.11	0.721
731.45	0.719
731.79	0.717
732.12	0.717
732.46	0.714
732.79	0.713
733.13	0.712
733.47	0.711
733.80	0.709
734.14	0.706
734.48	0.704
734.81	0.701
735.15	0.699
735.48	0.697
735.82	0.696
736.16	0.692
736.49	0.688
736.83	0.686
737.16	0.683
737.50	0.683
737.83	0.678
738.17	0.676
738.50	0.673
738.84	0.670
739.18	0.668
739.51	0.664
739.85	0.660
740.18	0.657
740.52	0.655
740.85	0.652
741.19	0.650
741.52	0.644
741.86	0.640
742.19	0.638
742.53	0.635
742.86	0.632
743.20	0.629
743.53	0.625
743.86	0.621
744.20	0.619
744.53	0.613
744.87	0.612
745.20	0.608
745.54	0.603
745.87	0.601
746.20	0.597
746.54	0.596
746.87	0.591
747.21	0.587
747.54	0.583
747.87	0.582
748.21	0.578
748.54	0.574
748.88	0.572
749.21	0.569
749.54	0.565
749.88	0.561
750.21	0.558
750.54	0.556
750.88	0.553
751.21	0.550
751.54	0.546
751.88	0.544
752.21	0.540
752.54	0.538
752.88	0.536
753.21	0.533
753.54	0.529
753.87	0.526
754.21	0.524
754.54	0.522
754.87	0.519
755.21	0.518
755.54	0.514
755.87	0.511
756.20	0.510
756.54	0.508
756.87	0.505
757.20	0.501
757.53	0.499
757.86	0.499
758.20	0.496
758.53	0.495
758.86	0.492
759.19	0.489
759.53	0.488
759.86	0.487
760.19	0.484
760.52	0.482
760.85	0.480
761.18	0.478
761.52	0.477
761.85	0.476
762.18	0.475
762.51	0.472
762.84	0.470
763.17	0.468
763.50	0.467
763.83	0.467
764.17	0.465
764.50	0.465
764.83	0.462
765.16	0.461
765.49	0.459
765.82	0.460
766.15	0.459
766.48	0.458
766.81	0.456
767.14	0.455
767.47	0.454
767.80	0.454
768.14	0.454
768.47	0.451
768.80	0.452
769.13	0.450
769.46	0.450
769.79	0.449
770.12	0.449
770.45	0.449
770.78	0.449
771.11	0.446
771.44	0.444
771.77	0.446
772.10	0.446
772.43	0.446
772.76	0.445
773.09	0.445
773.42	0.445
773.74	0.445
774.07	0.445
774.40	0.444
774.73	0.444
775.06	0.443
775.39	0.443
775.72	0.443
776.05	0.443
776.38	0.443
776.71	0.443
777.04	0.442
777.37	0.440
777.69	0.441
778.02	0.441
778.35	0.441
778.68	0.441
779.01	0.440
779.34	0.439
779.67	0.438
779.99	0.440
780.32	0.439
780.65	0.439
780.98	0.439
781.31	0.438
781.64	0.438
781.96	0.438
782.29	0.437
782.62	0.438
782.95	0.437
783.28	0.436
783.60	0.435
783.93	0.435
784.26	0.435
784.59	0.434
784.91	0.433
785.24	0.433
785.57	0.432
785.90	0.432
786.22	0.429
786.55	0.430
786.88	0.428
787.21	0.431
787.53	0.426
787.86	0.427
788.19	0.425
788.51	0.425
788.84	0.424
789.17	0.421
789.50	0.420
789.82	0.419
790.15	0.417
790.48	0.416
790.80	0.418
791.13	0.416
791.45	0.414
791.78	0.412
792.11	0.411
792.43	0.410
792.76	0.408
793.09	0.408
793.41	0.406
793.74	0.406
794.06	0.401
794.39	0.401
794.72	0.399
795.04	0.397
795.37	0.398
795.69	0.396
796.02	0.392
796.35	0.393
796.67	0.387
797.00	0.386
797.32	0.385
797.65	0.385
797.97	0.382
798.30	0.380
798.62	0.376
798.95	0.376
799.27	0.374
799.60	0.373
799.92	0.370
800.25	0.368
800.57	0.368
800.90	0.364
801.22	0.364
801.55	0.362
801.87	0.358
802.20	0.357
802.52	0.354
802.85	0.352
803.17	0.350
803.50	0.349
803.82	0.348
804.14	0.345
804.47	0.343
804.79	0.341
805.12	0.337
805.44	0.336
805.76	0.334
806.09	0.334
806.41	0.332
806.74	0.330
807.06	0.327
807.38	0.326
807.71	0.324
808.03	0.321
808.36	0.321
808.68	0.318
809.00	0.314
809.33	0.316
809.65	0.312
809.97	0.311
810.30	0.310
810.62	0.309
810.94	0.306
811.26	0.304
811.59	0.302
811.91	0.299
812.23	0.298
812.56	0.297
812.88	0.296
813.20	0.294
813.52	0.290
813.85	0.289
814.17	0.287
814.49	0.288
814.81	0.286
815.14	0.284
815.46	0.282
815.78	0.279
816.10	0.276
816.43	0.274
816.75	0.273
817.07	0.274
817.39	0.272
817.71	0.270
818.04	0.268
818.36	0.265
818.68	0.265
819.00	0.263
819.32	0.260
819.65	0.261
819.97	0.259
820.29	0.259
820.61	0.255
820.93	0.254
821.25	0.252
821.57	0.251
821.89	0.251
822.22	0.249
822.54	0.245
822.86	0.245
823.18	0.243
823.50	0.242
823.82	0.241
824.14	0.241
824.46	0.240
824.78	0.237
825.10	0.234
825.42	0.234
825.75	0.233
826.07	0.232
826.39	0.230
826.71	0.230
827.03	0.229
827.35	0.227
827.67	0.225
827.99	0.223
828.31	0.222
828.63	0.221
828.95	0.221
829.27	0.220
829.59	0.218
829.91	0.216
830.23	0.215
830.55	0.214
830.87	0.214
831.19	0.212
831.51	0.211
831.83	0.210
832.14	0.210
832.46	0.207
832.78	0.207
833.10	0.206
833.42	0.205
833.74	0.204
834.06	0.201
834.38	0.202
834.70	0.199
835.02	0.199
835.34	0.199
835.65	0.198
835.97	0.198
836.29	0.196
836.61	0.194
836.93	0.194
837.25	0.191
837.57	0.192
837.88	0.190
838.20	0.190
838.52	0.189
838.84	0.190
839.16	0.187
839.48	0.185
839.79	0.184
840.11	0.185
840.43	0.183
840.75	0.183
841.07	0.183
841.38	0.182
841.70	0.179
842.02	0.180
842.34	0.177
842.65	0.177
842.97	0.175
843.29	0.176
843.61	0.176
843.92	0.175
844.24	0.173
844.56	0.171
844.88	0.171
845.19	0.172
845.51	0.171
845.83	0.171
846.14	0.168
846.46	0.166
846.78	0.166
847.09	0.166
847.41	0.166
847.73	0.165
848.04	0.165
848.36	0.164
848.68	0.164
848.99	0.162
849.31	0.160
849.63	0.160
849.94	0.160
850.26	0.159
850.58	0.159
850.89	0.159
851.21	0.158
851.52	0.158
851.84	0.155
852.16	0.155
852.47	0.156
852.79	0.155
853.10	0.155
853.42	0.155
853.73	0.153
854.05	0.152
854.37	0.151
854.68	0.150
855.00	0.150
855.31	0.151
855.63	0.151
855.94	0.149
856.26	0.149
856.57	0.147
856.89	0.148
857.20	0.147
857.52	0.147
857.83	0.145
858.15	0.145
858.46	0.145
858.78	0.143
859.09	0.143
859.41	0.142
859.72	0.143
860.04	0.142
860.35	0.144
860.66	0.142
860.98	0.141
861.29	0.139
861.61	0.139
861.92	0.139
862.24	0.138
862.55	0.137
862.86	0.139
863.18	0.138
863.49	0.137
863.81	0.136
864.12	0.134
864.43	0.135
864.75	0.135
865.06	0.135
865.37	0.135
865.69	0.136
866.00	0.133
866.31	0.133
866.63	0.131
866.94	0.131
867.25	0.132
867.57	0.132
867.88	0.132
868.19	0.131
868.51	0.132
868.82	0.130
869.13	0.129
869.44	0.129
869.76	0.129
870.07	0.129
870.38	0.129
870.70	0.129
871.01	0.127
871.32	0.126
871.63	0.125
871.95	0.126
872.26	0.126
872.57	0.127
872.88	0.126
873.19	0.125
873.51	0.126
873.82	0.124
874.13	0.122
874.44	0.123
874.75	0.121
875.07	0.121
875.38	0.123
875.69	0.123
876.00	0.124
876.31	0.121
876.62	0.120
876.94	0.121
877.25	0.120
877.56	0.119
877.87	0.119
878.18	0.120
878.49	0.120
878.80	0.120
879.11	0.120
879.43	0.118
879.74	0.118
880.05	0.117
880.36	0.117
880.67	0.116
880.98	0.117
881.29	0.118
881.60	0.116
881.91	0.116
882.22	0.116
882.53	0.114
882.84	0.115
883.15	0.115
883.46	0.114
883.77	0.115
884.08	0.114
884.39	0.114
884.70	0.115
885.01	0.112
885.32	0.113
885.63	0.112
885.94	0.113
886.25	0.114
886.56	0.114
886.87	0.112
887.18	0.113
887.49	0.112
887.80	0.111
888.11	0.112
888.42	0.111
888.73	0.112
889.04	0.111
889.35	0.111
889.66	0.110
889.97	0.111
890.28	0.109
890.59	0.108
890.89	0.108
891.20	0.109
891.51	0.108
891.82	0.109
892.13	0.108
892.44	0.108
892.75	0.107
893.06	0.105
893.36	0.107
893.67	0.105
893.98	0.107
894.29	0.106
894.60	0.108
894.91	0.105
895.21	0.106
895.52	0.106
895.83	0.106
896.14	0.106
896.45	0.103
896.75	0.104
897.06	0.104
897.37	0.106
897.68	0.104
897.99	0.104
898.29	0.105
898.60	0.104
898.91	0.104
899.22	0.103
899.52	0.105
899.83	0.104
900.14	0.104
900.44	0.102
900.75	0.103
901.06	0.103
901.37	0.103
901.67	0.103
901.98	0.102
902.29	0.104
902.59	0.100
902.90	0.102
903.21	0.102
903.51	0.100
903.82	0.100
904.13	0.099
904.43	0.099
904.74	0.101
905.05	0.103
905.35	0.101
905.66	0.100
905.97	0.100
906.27	0.101
906.58	0.097
906.88	0.099
907.19	0.096
907.50	0.099
907.80	0.099
908.11	0.099
908.41	0.101
908.72	0.098
909.02	0.097
909.33	0.098
909.64	0.097
909.94	0.096
910.25	0.097
910.55	0.098
910.86	0.098
911.16	0.098
911.47	0.099
911.77	0.097
912.08	0.096
912.38	0.096
912.69	0.096
912.99	0.097
913.30	0.096
913.60	0.095
913.91	0.096
914.21	0.097
914.52	0.097
914.82	0.095
915.13	0.095
915.43	0.096
915.73	0.094
916.04	0.095
916.34	0.096
916.65	0.095
916.95	0.097
917.26	0.094
917.56	0.096
917.86	0.094
918.17	0.095
918.47	0.094
918.78	0.096
919.08	0.094
919.38	0.096
919.69	0.096
919.99	0.094
920.29	0.093
920.60	0.093
920.90	0.094
921.20	0.093
921.51	0.096
921.81	0.093
922.11	0.094
922.42	0.096
922.72	0.095
923.02	0.093
923.33	0.094
923.63	0.093
923.93	0.093
924.24	0.093
924.54	0.093
924.84	0.093
925.14	0.095
925.45	0.094
925.75	0.095
926.05	0.096
926.35	0.093
926.66	0.092
926.96	0.094
927.26	0.091
927.56	0.093
927.87	0.094
928.17	0.095
928.47	0.094
928.77	0.095
929.07	0.095
929.38	0.095
929.68	0.092
929.98	0.092
930.28	0.093
930.58	0.091
930.88	0.093
931.19	0.094
931.49	0.095
931.79	0.096
932.09	0.095
932.39	0.093
932.69	0.095
932.99	0.094
933.30	0.095
933.60	0.094
933.90	0.096
934.20	0.097
934.50	0.095
934.80	0.094
935.10	0.096
935.40	0.094
935.70	0.095
936.00	0.095
936.30	0.096
936.60	0.098
936.91	0.096
937.21	0.096
937.51	0.097
937.81	0.097
938.11	0.096
938.41	0.096
938.71	0.096
939.01	0.097
939.31	0.099
939.61	0.098
939.91	0.099
940.21	0.098
940.51	0.101
940.81	0.097
941.11	0.099
941.41	0.097
941.71	0.093
942.01	0.099
942.31	0.099
942.60	0.099
942.90	0.101
943.20	0.098
943.50	0.102
943.80	0.102
944.10	0.101
944.40	0.103
944.70	0.102
945.00	0.099
945.30	0.100
945.60	0.101
945.89	0.103
946.19	0.102
946.49	0.103
946.79	0.103
947.09	0.105
947.39	0.105
947.69	0.100
947.99	0.104
948.28	0.104
948.58	0.106
948.88	0.104
949.18	0.108
949.48	0.107
949.77	0.108
950.07	0.104
950.37	0.107
950.67	0.107
950.97	0.107
951.26	0.105
951.56	0.108
951.86	0.108
952.16	0.107
952.45	0.108
952.75	0.112
953.05	0.109
953.35	0.113
953.64	0.110
953.94	0.115
954.24	0.114
954.54	0.115
954.83	0.111
955.13	0.115
955.43	0.114
955.72	0.114
956.02	0.113
956.32	0.114
956.62	0.113
956.91	0.113
957.21	0.114
957.51	0.116
957.80	0.114
958.10	0.118
958.40	0.118
958.69	0.118
958.99	0.116
959.28	0.117
959.58	0.117
959.88	0.117
960.17	0.117
960.47	0.121
960.76	0.118
961.06	0.119
961.36	0.116
961.65	0.120
961.95	0.121
962.24	0.121
962.54	0.120
962.84	0.117
963.13	0.118
963.43	0.119
963.72	0.117
964.02	0.121
964.31	0.121
964.61	0.121
964.90	0.124
965.20	0.122
965.49	0.124
965.79	0.123
966.08	0.121
966.38	0.117
966.67	0.120
966.97	0.121
967.26	0.120
967.56	0.121
967.85	0.124
968.15	0.121
968.44	0.121
968.74	0.122
969.03	0.125
969.33	0.122
969.62	0.125
969.91	0.120
970.21	0.122
970.50	0.121
970.80	0.121
971.09	0.123
971.38	0.127
971.68	0.122
971.97	0.123
972.27	0.123
972.56	0.124
972.85	0.123
973.15	0.122
973.44	0.121
973.73	0.124
974.03	0.121
974.32	0.123
974.62	0.126
974.91	0.123
975.20	0.123
975.50	0.124
975.79	0.124
976.08	0.121
976.37	0.123
976.67	0.121
976.96	0.124
977.25	0.125
977.55	0.123
977.84	0.123
978.13	0.122
978.42	0.128
978.72	0.125
979.01	0.125
979.30	0.122
979.59	0.120
979.89	0.123
980.18	0.122
980.47	0.123
980.76	0.125
981.06	0.125
981.35	0.124
981.64	0.123
981.93	0.121
982.22	0.124
982.52	0.121
982.81	0.126
983.10	0.124
983.39	0.123
983.68	0.124
983.97	0.122
984.27	0.126
984.56	0.123
984.85	0.125
985.14	0.123
985.43	0.124
985.72	0.121
986.01	0.121
986.31	0.121
986.60	0.128
986.89	0.126
987.18	0.125
987.47	0.123
987.76	0.125
988.05	0.124
988.34	0.125
988.63	0.127
988.92	0.123
989.21	0.123
989.50	0.123
989.79	0.120
990.09	0.122
990.38	0.123
990.67	0.124
990.96	0.126
991.25	0.124
991.54	0.125
991.83	0.124
992.12	0.124
992.41	0.127
992.70	0.123
992.99	0.123
993.28	0.124
993.57	0.122
993.86	0.127
994.15	0.124
994.44	0.124
994.72	0.121
995.01	0.125
995.30	0.121
995.59	0.124
995.88	0.121
996.17	0.124
996.46	0.119
996.75	0.126
997.04	0.125
997.33	0.124
997.62	0.124
997.91	0.125
998.19	0.123
998.48	0.126
998.77	0.119
999.06	0.125
999.35	0.123
999.64	0.123
999.93	0.122
1000.22	0.125
1000.50	0.122
1000.79	0.121
1001.08	0.125
1001.37	0.124
1001.66	0.124
1001.94	0.127
1002.23	0.120
1002.52	0.123
1002.81	0.123
1003.10	0.121
1003.38	0.123
1003.67	0.123
1003.96	0.121
1004.25	0.122
1004.54	0.124
1004.82	0.122
1005.11	0.123
1005.40	0.125
1005.69	0.120
1005.97	0.124
1006.26	0.122
1006.55	0.122
1006.83	0.123
1007.12	0.122
1007.41	0.123
1007.70	0.125
1007.98	0.122
1008.27	0.128
1008.56	0.124
1008.84	0.124
1009.13	0.120
1009.42	0.122
1009.70	0.122
1009.99	0.122
1010.28	0.125
1010.56	0.122
1010.85	0.120
1011.14	0.125
1011.42	0.123
1011.71	0.120
1011.99	0.126
1012.28	0.118
1012.57	0.124
1012.85	0.121
1013.14	0.120
1013.42	0.119
1013.71	0.126
1014.00	0.123
1014.28	0.122
1014.57	0.127
1014.85	0.122
1015.14	0.122
1015.42	0.121
1015.71	0.126
1016.00	0.124
1016.28	0.123
1016.57	0.121
1016.85	0.126
1017.14	0.124
1017.42	0.123
1017.71	0.123
1017.99	0.125
1018.28	0.120
1018.56	0.127
1018.85	0.128
1019.13	0.127
1019.42	0.125
1019.70	0.124
1019.98	0.123
1020.27	0.124
1020.55	0.126
1020.84	0.127
1021.12	0.123
1021.41	0.121
1021.69	0.126
1021.98	0.126
1022.26	0.121
1022.54	0.129
1022.83	0.130
1023.11	0.130
1023.40	0.128
1023.68	0.127
1023.96	0.125
1024.25	0.126
1024.53	0.126
1024.81	0.125
1025.10	0.128
1025.38	0.128
1025.67	0.128
1025.95	0.131
1026.23	0.131
1026.52	0.124
1026.80	0.128
1027.08	0.129
1027.37	0.126
1027.65	0.130
1027.93	0.131
1028.21	0.130
1028.50	0.132
1028.78	0.130
1029.06	0.127
1029.35	0.128
1029.63	0.132
1029.91	0.131
1030.19	0.134
1030.48	0.131
1030.76	0.128
1031.04	0.129
1031.32	0.129
1031.61	0.132
1031.89	0.136
1032.17	0.127
1032.45	0.128
1032.73	0.128
1033.02	0.136
1033.30	0.134
1033.58	0.130
1033.86	0.129
1034.14	0.138
1034.43	0.134
1034.71	0.127
1034.99	0.131
1035.27	0.137
1035.55	0.132
1035.83	0.134
1036.12	0.132
1036.40	0.141
1036.68	0.136
1036.96	0.131
1037.24	0.138
1037.52	0.136
1037.80	0.140
1038.08	0.133
1038.36	0.132
1038.65	0.134
1038.93	0.138
1039.21	0.142
1039.49	0.141
1039.77	0.138
1040.05	0.132
1040.33	0.141
1040.61	0.137
1040.89	0.139
1041.17	0.143
1041.45	0.136
1041.73	0.133
1042.01	0.136
1042.29	0.133
1042.57	0.137
1042.85	0.144
1043.13	0.137
1043.41	0.141
1043.69	0.144
1043.97	0.139
1044.25	0.141
1044.53	0.141
1044.81	0.134
1045.09	0.139
1045.37	0.142
1045.65	0.139
1045.93	0.142
1046.21	0.139
1046.49	0.139
1046.77	0.141
1047.05	0.146
1047.33	0.141
1047.61	0.141
1047.88	0.148
1048.16	0.137
1048.44	0.142
1048.72	0.146
1049.00	0.149
1049.28	0.145
1049.56	0.141
1049.84	0.148
1050.11	0.150
1050.39	0.138
1050.67	0.142
1050.95	0.151
1051.23	0.140
1051.51	0.151
1051.79	0.147
1052.06	0.147
1052.34	0.142
1052.62	0.147
1052.90	0.150
1053.18	0.147
1053.45	0.150
1053.73	0.160
1054.01	0.159
1054.29	0.148
1054.57	0.151
1054.84	0.150
1055.12	0.154
1055.40	0.149
1055.68	0.146
1055.95	0.149
1056.23	0.151
1056.51	0.158
1056.78	0.151
1057.06	0.165
1057.34	0.149
1057.62	0.156
1057.89	0.153
1058.17	0.157
1058.45	0.158
1058.72	0.153
1059.00	0.168
1059.28	0.161
1059.55	0.163
1059.83	0.155
1060.11	0.160
1060.38	0.161
1060.66	0.165
1060.94	0.162
1061.21	0.162
1061.49	0.158
1061.77	0.157
1062.04	0.171
1062.32	0.166
1062.59	0.162
1062.87	0.164
1063.15	0.172
1063.42	0.169
1063.70	0.170
1063.97	0.164
1064.25	0.175
1064.53	0.163
1064.80	0.172
1065.08	0.164
1065.35	0.163
1065.63	0.166
1065.90	0.165
1066.18	0.168
1066.45	0.168
1066.73	0.172
1067.00	0.177
1067.28	0.167
1067.55	0.166
1067.83	0.166
1068.10	0.178
1068.38	0.161
1068.65	0.176
1068.93	0.167
1069.20	0.171
1069.48	0.175
1069.75	0.185
1070.03	0.183
1070.30	0.171
1070.58	0.179
1070.85	0.181
1071.13	0.174
1071.40	0.172
1071.67	0.180
1071.95	0.176
1072.22	0.188
1072.50	0.173
1072.77	0.181
1073.05	0.194
1073.32	0.185
1073.59	0.170
1073.87	0.186
1074.14	0.186
1074.41	0.197
1074.69	0.200
1074.96	0.188
1075.23	0.183
1075.51	0.187
1075.78	0.191
1076.06	0.199
1076.33	0.189
1076.60	0.197
1076.87	0.196
1077.15	0.194
1077.42	0.198
1077.69	0.195
1077.97	0.200
1078.24	0.205
1078.51	0.193
1078.79	0.196
1079.06	0.214
1079.33	0.197
1079.60	0.206
1079.88	0.212
1080.15	0.208
1080.42	0.199
1080.69	0.205
1080.97	0.206
1081.24	0.213
1081.51	0.217
1081.78	0.198
1082.05	0.217
1082.33	0.217
1082.60	0.221
1082.87	0.215
1083.14	0.215
1083.41	0.209
1083.69	0.223
1083.96	0.218
1084.23	0.233
1084.50	0.245
1084.77	0.221
1085.04	0.205
1085.32	0.237
1085.59	0.213
1085.86	0.235
1086.13	0.225
1086.40	0.217
1086.67	0.235
1086.94	0.220
1087.21	0.232
1087.49	0.253
1087.76	0.241
1088.03	0.234
1088.30	0.234
1088.57	0.240
1088.84	0.230
1089.11	0.258
1089.38	0.253
1089.65	0.237
1089.92	0.244
1090.19	0.243
1090.46	0.237
1090.73	0.247
1091.00	0.250
1091.27	0.237
1091.54	0.265
1091.81	0.257
1092.08	0.251
1092.35	0.249
1092.62	0.246
1092.89	0.263
1093.16	0.248
1093.43	0.283
1093.70	0.277
1093.97	0.300
1094.24	0.275
1094.51	0.244
1094.78	0.263
1095.05	0.272
1095.32	0.274
1095.59	0.287
1095.86	0.306
1096.13	0.270
1096.40	0.254
1096.67	0.266
1096.94	0.272
1097.20	0.290
1097.47	0.278
1097.74	0.304
1098.01	0.273
1098.28	0.304
1098.55	0.281
1098.82	0.300
1099.09	0.288
1099.35	0.302
1099.62	0.289
1099.89	0.297
1100.16	0.302
1100.43	0.315
1100.70	0.366
1100.96	0.302
1101.23	0.327
1101.50	0.302
1101.77	0.330
1102.04	0.314
1102.30	0.310
1102.57	0.321
1102.84	0.356
1103.11	0.328
1103.38	0.336
1103.64	0.325
1103.91	0.320
1104.18	0.320
1104.45	0.329
1104.71	0.364
1104.98	0.338
1105.25	0.337
1105.52	0.355
1105.78	0.363
1106.05	0.375
1106.32	0.335
1106.58	0.339
1106.85	0.386
1107.12	0.382
1107.38	0.341
1107.65	0.372
1107.92	0.323
1108.18	0.411
1108.45	0.384
1108.72	0.340
1108.98	0.373
1109.25	0.379
1109.52	0.448
1109.78	0.387
1110.05	0.409
1110.32	0.387
1110.58	0.426
1110.85	0.452
1111.11	0.423
1111.38	0.459
1111.65	0.435
1111.91	0.397
1112.18	0.430
1112.44	0.475
1112.71	0.481
1112.98	0.471
1113.24	0.482
1113.51	0.496
1113.77	0.386
1114.04	0.404
1114.30	0.544
1114.57	0.494
1114.83	0.492
1115.10	0.562
1115.36	0.508
1115.63	0.578
1115.89	0.493
1116.16	0.522
1116.42	0.464
1116.69	0.461
1116.95	0.511
1117.22	0.624
1117.48	0.548
1117.75	0.541
1118.01	0.537
1118.28	0.562
1118.54	0.590
1118.81	0.479
1119.07	0.592
1119.34	0.626
1119.60	0.564
1119.86	0.634
1120.13	0.560
1120.39	0.586
1120.66	0.619
1120.92	0.648
1121.18	0.650
1121.45	0.653
1121.71	0.702
1121.98	0.770
1122.24	0.815
1122.50	0.791
1122.77	0.656
1123.03	0.607
1123.29	0.639
1123.56	0.720
1123.82	0.910
1124.08	0.628
1124.35	0.701
1124.61	0.905
1124.87	0.815
1125.14	0.848
1125.40	1.043
1125.66	0.702
1125.93	0.837
1126.19	0.942
1126.45	1.185
1126.71	1.086
1126.98	0.970
1127.24	1.133
1127.50	1.527
1127.77	0.830
1128.03	1.130
1128.29	1.308
1128.55	0.000
1128.81	0.000
1129.08	1.164
1129.34	0.000
1129.60	0.000
1129.86	0.000
1130.13	0.000
1130.39	0.000
1130.65	1.404
1130.91	0.000
1131.17	0.000
1131.43	0.000
1131.70	0.000
1131.96	0.000
1132.22	0.000
1132.48	0.000
1132.74	0.000
1133.00	0.000
1133.27	0.000
1133.53	0.000
1133.79	0.000
1134.05	0.000
1134.31	0.000
1134.57	0.000
1134.83	0.000
1135.09	0.000
1135.35	0.000
1135.62	0.000
1135.88	0.000
1136.14	0.000
1136.40	0.000
1136.66	0.000
1136.92	0.000
1137.18	0.000
1137.44	0.000
1137.70	0.000
1137.96	0.000
1138.22	0.000
1138.48	0.000
1138.74	0.000
1139.00	0.000
1139.26	0.000
1139.52	0.000
1139.78	0.000
