609.93 0.0918367
610.453 0.0880952
613.589 0.0867347
615.679 0.0843537
619.338 0.0836735
620.906 0.0821429
626.132 0.0804422
630.314 0.0784014
636.063 0.077381
640.244 0.0753401
644.425 0.0734694
648.084 0.0721088
652.787 0.069898
655.923 0.0676871
659.059 0.0653061
662.195 0.0632653
665.854 0.0608844
670.557 0.0583333
675.261 0.0564626
681.01 0.0547619
686.237 0.0530612
692.509 0.0511905
698.258 0.0496599
702.962 0.0472789
708.188 0.0455782
712.892 0.0438776
718.118 0.0421769
722.3 0.0409864
725.958 0.0403061
729.617 0.0397959
734.843 0.0392857
740.592 0.0389456
743.728 0.0379252
747.909 0.0369048
753.136 0.0362245
757.84 0.0355442
762.021 0.0345238
767.247 0.0336735
772.474 0.0328231
779.268 0.0319728
785.54 0.0314626
791.812 0.0307823
799.129 0.029932
805.401 0.0292517
813.763 0.0287415
820.035 0.0277211
827.875 0.0272109
838.328 0.0268707
847.735 0.0265306
856.098 0.0263605
866.551 0.0263605
872.822 0.0270408
877.526 0.0284014
884.321 0.0302721
886.934 0.0314626
891.115 0.0338435
894.251 0.0362245
896.341 0.0379252
900 0.0403061
902.091 0.0418367
906.272 0.0435374
912.544 0.0442177
917.77 0.0438776
921.951 0.0431973
926.655 0.0423469
930.836 0.0416667
933.972 0.039966
937.631 0.037585
940.244 0.0358844
942.857 0.0345238
947.038 0.0338435
950.697 0.035034
955.923 0.0341837
961.672 0.0357143
967.422 0.0369048
971.603 0.0389456
975.261 0.0403061
977.875 0.0413265
981.01 0.0430272
986.237 0.045068
991.463 0.0465986
995.645 0.0482993
999.826 0.0508503
1002.96 0.0539116
1006.62 0.057483
1009.76 0.0605442
1014.46 0.0632653
1019.16 0.0654762
1027 0.0664966
1033.8 0.0656463
1038.5 0.0636054
1040.59 0.0619048
1041.64 0.0607143
